ProjetSIG/InterpolationTIN.tif
NCOLS 301
NROWS 200
XLLCORNER 3.7807092
YLLCORNER 43.546344
DX 0.0007247564
DY 0.00072551204
NODATA_VALUE -9999
[rows 56 to 83 of 200, columns 128 to 191 of 301]
53.529257 53.482001 53.434745 53.923366 54.66833 55.413294 56.158259 56.903223 57.648187 58.393152 58.746921 59.062369 59.377816 59.693264 60.008711 60.246223 59.479019 58.711816 57.944613 57.17741 56.410207 55.643004 54.8758 54.108597 54.017335 54.404212 53.99358 53.805256 53.616932 53.428608 53.251565 53.108211 53.244943 53.969808 52.390503 50.375493 50.381283 50.849891 51.318498 51.787106 52.255713 51.814849 50.494368 51.380729 52.26709 53.153452 54.039813 54.047648 52.930046 53.808024 53.99767 52.622099 52.469714 52.31733 52.164945 52.01256 51.860176 51.707791 51.770578 52.795467 53.820356 54.845245 55.870134 56.895023
53.656055 53.608799 53.561543 54.167146 54.912111 55.657075 56.402039 57.147004 57.891968 58.636932 59.381897 60.126861 60.484966 60.800414 61.115861 61.431308 61.079476 60.312273 59.54507 58.777867 58.010663 57.24346 56.476257 55.562615 53.903038 53.387973 53.199649 53.011325 52.823001 52.654157 52.510803 52.367449 52.224095 52.913217 51.261615 50.175208 50.643816 51.112423 51.58103 52.049638 52.518245 52.368191 50.994643 51.128824 52.015185 52.901547 53.787908 53.178639 53.024993 53.90297 53.699084 52.730947 52.578563 52.426178 52.273794 52.121409 51.969024 51.81664 51.664255 52.487692 53.512581 54.53747 55.562359 56.587248
53.782853 53.735597 53.688341 54.410927 55.155892 55.900856 56.64582 57.390785 58.135749 58.880713 59.625678 60.370642 61.115606 61.860571 62.223011 62.538459 62.679933 61.91273 61.145526 60.378323 59.61112 58.476013 56.816436 55.15686 53.497283 52.594042 52.405718 52.217394 52.05675 51.913395 51.770041 51.626687 51.483333 51.856626 50.132728 50.43774 50.906348 51.374955 51.843563 52.31217 52.780777 52.921533 51.547985 50.876919 51.76328 52.649642 53.536003 52.309629 53.119939 53.997916 53.400498 52.839796 52.687411 52.535027 52.382642 52.230258 52.077873 51.925489 51.773104 52.179917 53.204806 54.229695 55.254584 56.279473
53.909651 53.862395 53.909744 54.654708 55.399672 56.144637 56.889601 57.634565 58.37953 59.124494 59.869459 60.614423 61.359387 62.104352 62.849316 63.59428 63.961056 63.513186 62.745983 61.389411 59.729835 58.070258 56.410682 54.751105 53.091528 51.80011 51.611786 51.459342 51.315988 51.172634 51.029279 50.885925 50.742571 50.800035 50.231665 50.700273 51.16888 51.637487 52.106095 52.574702 53.04331 53.474875 52.101327 50.727779 51.511375 52.397737 53.284098 52.336908 53.214885 54.092863 53.101912 52.948645 52.79626 52.643875 52.491491 52.339106 52.186722 52.034337 51.881953 51.872142 52.897031 53.92192 54.946809 55.710821
54.036449 53.989193 54.153525 54.898489 55.643453 56.388418 57.133382 57.878346 58.623311 59.368275 60.113239 60.858204 61.603168 62.348132 63.093097 63.838061 64.583025 64.989679 63.29107 61.537194 59.783318 58.029442 56.275566 54.52169 52.767814 51.026197 50.912836 50.831675 50.750513 50.669352 50.58819 50.507029 50.425867 50.229451 50.494197 50.962805 51.431412 51.90002 52.368627 52.837234 53.305842 53.774449 52.654669 51.281121 51.259471 52.145832 52.538808 52.431854 53.309832 54.187809 53.209878 53.057493 52.905109 52.752724 52.600339 52.447955 52.29557 52.143186 51.990801 51.838417 52.589256 53.614144 54.639033 54.940228
54.163247 54.115991 54.397306 55.14227 55.887234 56.632199 57.377163 58.122127 58.867092 59.612056 60.35702 61.101985 61.846949 62.591913 63.336878 64.081842 64.152538 64.351878 64.754617 64.314737 62.560861 60.806985 59.053109 57.299233 55.545358 53.785191 52.591819 52.510657 52.429496 52.348334 52.267173 52.186011 52.025947 51.091187 50.266419 50.872843 51.693944 52.162552 52.631159 53.099767 53.568374 54.036981 53.208011 51.834463 51.007566 51.893927 51.669799 52.526801 53.404778 54.024485 53.318726 53.166342 53.013957 52.861573 52.709188 52.556803 52.404419 52.252034 52.09965 51.947265 52.28148 53.306369 54.099417 54.169634
54.290045 54.242789 54.641086 55.386051 56.131015 56.875979 57.620944 58.365908 59.110872 59.855837 60.600801 61.345765 62.09073 62.835694 63.580658 63.555044 63.521059 63.714077 64.116816 64.519554 64.922293 63.584528 61.830652 60.076776 58.322901 56.547272 54.270801 54.18964 54.108479 54.027317 53.946156 53.822443 52.887683 51.952922 51.018161 50.36724 51.069633 51.930871 52.792109 53.362299 53.830906 54.299514 53.761352 52.387805 51.014257 51.642022 51.74377 52.621747 53.499724 53.725899 53.427575 53.27519 53.122806 52.970421 52.818037 52.665652 52.513267 52.360883 52.208498 52.056114 51.973705 52.998594 53.328823 53.56843
54.416843 54.369587 54.884867 55.629832 56.374796 57.11976 57.864725 58.609689 59.354653 60.099618 60.844582 61.589546 62.334511 63.079475 62.957549 62.78497 62.894202 63.076276 63.479014 63.881753 64.284492 64.68723 64.608195 62.85432 61.100444 59.309353 56.937637 55.868623 55.787461 55.7063 55.618939 54.684178 53.749418 52.814657 51.879897 51.02373 50.46806 51.266422 52.12766 52.988898 53.850136 54.562046 54.314694 52.941147 51.567599 51.390117 51.838716 52.716694 53.594671 53.688808 53.536423 53.384039 53.231654 53.07927 52.926885 52.774501 52.622116 52.469731 52.317347 52.164962 52.012578 52.488012 52.746656 53.036352
54.543641 54.496385 55.128648 55.873612 56.618577 57.363541 58.108505 58.85347 59.598434 60.343398 61.088363 61.833327 62.532633 62.360055 62.187476 62.154149 62.267345 62.438474 62.841213 63.243952 63.646691 64.049429 64.452168 64.854907 63.877987 62.071434 59.699718 57.547605 57.466444 57.385282 56.480674 55.545914 54.611153 53.676392 52.741632 51.806871 51.124551 50.601973 51.463211 52.324449 53.185687 54.046925 53.745378 52.949888 52.120941 51.055685 51.933663 52.81164 53.689617 53.797657 53.645272 53.492887 53.340503 53.188118 53.035734 52.883349 52.730965 52.598208 52.480713 52.363218 52.245724 52.071732 52.214578 52.504274
54.670439 54.627465 55.372429 56.117393 56.862358 57.607322 58.352286 59.097251 59.842215 60.587179 61.332144 61.935139 61.76256 61.589981 61.417403 61.527291 61.640487 61.800673 62.203412 62.606151 63.008889 63.411628 63.814367 64.217106 64.619844 64.790159 62.461799 60.090084 59.145426 58.27717 57.342409 56.407649 55.472888 54.538128 53.603367 52.668606 51.781041 51.225371 50.798763 51.660001 52.521238 53.058893 51.923169 51.601892 51.364544 51.127196 51.995282 52.883563 53.771845 53.991232 53.873737 53.756242 53.638747 53.521253 53.403758 53.286263 53.168769 53.051274 52.933779 52.816285 52.675547 52.402958 52.228167 52.313314
54.797237 54.871245 55.61621 56.361174 57.106139 57.851103 58.596067 59.341032 60.085996 60.83096 61.337644 61.165065 60.992487 60.819908 60.787238 60.900434 61.01363 61.162872 61.565611 61.968349 62.371088 62.773827 63.176566 63.579304 63.982043 64.114314 62.405061 60.695808 59.548004 58.970592 58.204145 57.269384 56.334623 55.399863 54.465102 53.530342 52.595581 51.881861 51.326191 50.995552 51.85679 51.641661 51.955914 51.795949 51.558601 51.321253 52.031936 52.920218 53.534944 53.524488 53.650237 53.775987 53.901736 53.974319 53.856824 53.73933 53.621835 53.50434 53.386846 53.269351 53.056957 52.784368 52.51178 52.384603
54.924035 55.115026 55.859991 56.604955 57.349919 58.094884 58.839848 59.584812 60.329777 60.74015 60.567571 60.394992 60.222413 60.049835 60.160381 60.273577 60.386772 60.525071 60.927809 61.330548 61.733287 62.136026 62.538764 62.941503 63.344242 63.384075 61.729217 60.019963 59.045713 58.527273 57.949862 57.37245 56.795038 56.217626 55.326837 54.392077 53.457316 52.538352 51.982682 51.427011 51.070473 51.384726 51.698979 51.990006 51.752658 51.51531 52.06859 52.956872 53.094954 53.039592 53.165341 53.29109 53.41684 53.542589 53.668338 53.794087 53.919837 53.957406 53.839912 53.710955 53.438367 53.165778 52.89319 52.620602
55.050833 55.358807 56.103772 56.848736 57.5937 58.338665 59.083629 59.828593 60.142655 59.970076 59.797498 59.624919 59.45234 59.420328 59.533523 59.646719 59.759915 59.887269 60.290008 60.692747 61.095486 61.498224 61.900963 62.303702 62.520648 62.573368 61.053372 59.344119 58.506776 58.083955 57.506543 56.929131 56.351719 55.774308 55.196896 54.619484 54.042072 53.384291 52.639172 51.984566 51.325631 51.241632 51.442044 51.756297 51.946715 51.709367 52.105245 52.845951 52.654964 52.554695 52.680445 52.806194 52.931943 53.057692 53.183442 53.309191 53.43494 53.56069 53.969036 53.858193 53.819777 53.547188 53.2746 53.002012
55.177631 55.602588 56.347552 57.092517 57.837481 58.582445 59.32741 59.54516 59.372582 59.200003 59.027424 58.854845 58.682267 58.79347 58.906666 59.019862 59.133057 59.249468 59.652207 60.054946 60.457684 60.860423 61.263162 61.665901 61.632701 61.762661 60.377527 58.668274 57.967838 57.608697 57.063225 56.485813 55.908401 55.330989 54.753577 54.176166 53.598754 53.021342 52.816085 52.456631 51.797696 51.380398 51.467861 51.555324 51.813615 51.903424 52.141899 52.405961 52.214974 52.069799 52.195548 52.321298 52.447047 52.572796 52.698545 52.864501 53.534352 54.204203 53.830737 53.569348 53.550362 53.531375 53.512389 53.383422
55.304429 55.846369 56.591333 57.336298 58.081262 58.826226 58.947666 58.775087 58.602508 58.42993 58.257351 58.084772 58.053417 58.166613 58.279809 58.393004 58.5062 58.619396 59.014406 59.417145 59.819883 60.222622 60.625361 60.985517 60.744754 60.951955 59.701682 57.992429 57.428901 57.06976 56.619907 56.042495 55.465083 54.887671 54.310259 53.732847 53.155435 52.578023 52.565201 52.587985 52.269761 51.610826 51.606627 51.69409 51.781553 51.870933 52.156958 51.965971 51.774984 51.584903 51.710652 51.836401 51.96215 52.429817 53.099668 53.76952 54.357152 53.939628 53.522103 53.280504 53.261517 53.242531 53.223545 53.204558
55.431227 56.09015 56.835114 57.580078 58.325043 58.350171 58.177593 58.005014 57.832435 57.659856 57.487278 57.314699 57.42656 57.539755 57.652951 57.766147 57.879343 57.992538 58.376605 58.779343 59.182082 59.584821 59.987559 60.09757 59.856807 60.141248 59.025837 57.316584 56.889963 56.530822 56.171681 55.599176 55.021764 54.444353 53.866941 53.289529 52.712117 52.291533 52.314317 52.337101 52.359884 52.08289 51.745392 51.832855 51.920318 52.08541 52.609219 51.9947 51.380181 51.144007 51.325282 51.995134 52.664985 53.334836 54.004687 54.466043 54.048519 53.630994 53.21347 52.99166 52.972673 52.953687 52.9347 52.915714
55.588966 56.333931 57.078895 57.823859 57.752677 57.580098 57.407519 57.234941 57.062362 56.889783 56.717204 56.686507 56.799702 56.912898 57.026094 57.139289 57.252485 57.365681 57.738803 58.141542 58.544281 58.94702 59.349758 59.209623 59.03076 59.330541 58.349993 56.710166 56.351025 55.991884 55.632743 55.155858 54.578446 54.001034 53.423622 52.846211 52.268799 52.040648 52.063432 52.086216 52.109 52.131784 51.89602 51.971621 52.648495 53.608478 53.967461 53.352942 52.914165 52.496707 52.230301 52.900153 53.570004 54.239855 54.574934 54.15741 53.739885 53.32236 52.904836 52.702815 52.683829 52.664842 52.645856 52.62687
55.832747 56.577712 57.322676 57.155182 56.982603 56.810025 56.637446 56.464867 56.292288 56.11971 55.947131 56.059649 56.172845 56.286041 56.399236 56.512432 56.625628 56.738823 57.101002 57.503741 57.90648 58.309218 58.562439 58.321676 58.220054 58.519834 57.674148 56.171229 55.812088 55.452947 55.093806 54.71254 54.135128 53.557716 52.980304 52.402892 51.82548 51.789764 51.812548 51.835332 51.858116 51.8809 51.996077 52.903605 53.842677 54.781749 55.060583 55.021755 54.816448 54.39899 53.981533 53.805171 54.475023 54.683825 54.2663 53.848776 53.431251 53.013727 52.596202 52.413971 52.394984 52.375998 53.086297 54.179
56.076528 56.730266 56.557688 56.385109 56.21253 56.039951 55.867373 55.694794 55.522215 55.349636 55.319596 55.432792 55.545987 55.659183 55.772379 55.885575 55.99877 56.111966 56.463201 56.86594 57.268678 57.671417 57.674492 57.433728 57.409347 57.709128 56.998303 55.632291 55.27315 54.914009 54.554868 54.195727 53.691809 53.114398 52.536986 51.959574 51.516096 51.53888 51.561663 51.584447 51.607231 51.858951 52.706013 53.603336 54.542408 55.276339 55.237512 55.198685 55.159857 55.12103 55.082203 55.043375 54.886484 54.375191 53.957667 53.540142 53.122618 52.705093 52.287568 52.125126 52.876117 53.968821 55.061524 55.535577
56.132772 55.960193 55.787614 55.615036 55.442457 55.269878 55.097299 54.924721 54.752142 54.579563 54.692739 54.805934 54.91913 55.032326 55.145521 55.258717 55.371913 55.485109 55.8254 56.228138 56.630877 57.027308 56.786544 56.545781 56.59864 56.898421 56.322458 55.093354 54.734213 54.375072 54.015931 53.65679 53.248491 52.671079 52.093667 51.516256 51.265211 51.287995 51.310779 51.333563 51.721824 52.568887 53.41595 54.303067 55.242138 55.453269 55.414442 55.375614 55.336787 55.303896 55.562606 55.821315 55.788912 55.232519 54.71174 54.19096 53.670181 53.149402 52.628622 53.758641 54.851344 55.944048 56.256254 56.222606
55.277139 55.19012 55.017541 54.844962 54.672383 54.499805 54.327226 54.154647 53.982068 53.952685 54.065881 54.179077 54.292273 54.405468 54.518664 54.63186 54.745055 54.858251 55.187598 55.590337 55.993076 56.139361 55.898597 55.657834 55.787933 56.087714 55.646613 54.554416 54.195275 53.836134 53.476993 53.117852 52.758711 52.227761 51.650349 51.072937 51.014327 51.037111 51.059895 51.584698 52.43176 53.278823 54.125886 55.002797 55.669026 55.630198 55.591371 55.659116 55.917825 56.176534 56.435243 56.693953 56.717346 56.115883 55.578554 55.057774 54.536995 54.016216 53.800617 55.278918 56.757219 57.371995 57.793715 58.215435
53.986982 54.354867 54.247468 54.074889 53.90231 53.729731 53.557153 53.384574 53.212632 53.325828 53.439024 53.552219 53.665415 53.778611 53.891807 54.005002 54.118198 54.231394 54.549797 54.952536 55.355275 55.251413 55.01065 54.769887 54.977227 55.277007 54.970769 54.015478 53.656337 53.297196 52.938055 52.578914 52.219773 51.784443 51.207031 50.740659 50.763442 50.786226 51.447571 52.294634 53.141697 53.988759 54.835822 55.702528 55.845955 56.014335 56.273044 56.531754 56.790463 57.049172 57.307881 57.56659 57.645779 57.044317 56.445368 55.924589 55.403809 54.88303 55.309135 56.787436 58.243908 59.690904 61.012594 61.434314
52.696825 53.06471 53.432594 53.304816 53.132237 52.959658 52.787079 52.614501 52.585775 52.698971 52.812166 52.925362 53.038558 53.151753 53.264949 53.378145 53.491341 53.604536 53.911996 54.314735 54.604229 54.363466 54.122703 53.88194 54.16652 54.466301 54.294924 53.476541 53.1174 52.758259 52.399118 52.039977 51.680836 51.321695 50.763712 50.489774 50.512558 51.310445 52.157507 53.00457 53.851633 54.698696 55.619055 56.506499 56.628264 56.886973 57.145682 57.404392 57.663101 57.92181 58.180519 58.439228 58.574213 57.972751 57.371288 56.791403 56.270623 55.749844 56.817652 58.278425 59.72542 61.172416 62.619412 64.066408
51.406669 51.774553 52.142437 52.510321 52.362164 52.189585 52.017006 51.845722 51.958917 52.072113 52.185309 52.298505 52.4117 52.524896 52.638092 52.751288 52.864483 52.977679 53.274195 53.676934 53.716282 53.475519 53.234756 53.056032 53.355813 53.655594 53.619079 52.937603 52.578462 52.219321 51.86018 51.501039 51.141898 50.782757 50.320394 50.326255 51.173318 52.020381 52.941871 53.898169 54.854468 55.810767 56.751582 57.50752 60.312781 59.123334 58.01832 58.277029 58.535739 58.794448 59.053157 59.311866 59.502647 58.901185 58.299722 57.69826 57.137437 56.847869 58.312941 59.759937 61.206933 62.653929 63.644106 64.415782
50.116512 50.484396 50.85228 51.220165 51.588049 51.419511 51.246933 51.218864 51.33206 51.445256 51.558451 51.671647 51.784843 51.898039 52.011234 52.12443 52.237626 52.350822 52.636394 53.039132 52.828335 52.587572 52.346809 52.245326 52.545106 52.844887 52.943234 52.398666 52.039524 51.680383 51.321242 50.962101 50.60296 50.243819 50.421947 51.220985 52.177284 53.133583 54.089881 55.04618 56.002479 56.958778 57.76426 58.520199 60.137116 63.23356 62.044112 60.854665 59.665218 59.667086 59.925795 60.184504 60.431081 59.829619 59.228156 58.626694 58.025231 58.347458 59.479348 60.251024 61.0227 61.794376 62.566052 63.337728
51.107529 50.760369 50.413209 50.066049 50.297892 50.649438 50.478811 50.592007 50.705203 50.818398 50.931594 51.04479 51.157986 51.271181 51.384377 51.497573 51.610768 51.723964 51.998592 52.181151 51.940388 51.699625 51.458861 51.434619 51.7344 52.034181 52.267389 51.859728 51.500587 51.686422 51.916351 52.146281 52.376211 52.606141 52.882084 53.471716 54.061349 54.650981 55.240614 56.194191 57.15049 58.021 58.776939 59.532878 60.288817 63.978318 66.154338 64.964891 63.775444 62.585997 61.396549 61.057142 61.315851 60.758052 60.15659 59.101814 57.816459 58.021135 58.72888 59.436624 60.144368 60.852112 61.559857 62.267601
52.325007 51.977847 51.630687 51.283527 50.936367 50.589207 50.281907 50.833424 50.078345 50.191541 50.304737 50.417932 50.531128 50.644324 50.75752 50.870715 50.983911 51.097107 51.360791 51.293204 51.052441 50.811677 50.570914 50.623912 50.923693 51.993534 53.097939 53.677797 53.907727 54.137657 54.367587 54.597517 54.827447 55.057377 55.34222 55.931853 56.521485 57.111118 57.70075 58.290383 58.913176 59.033679 59.789618 60.545557 61.301496 63.767732 67.81952 69.075117 67.88567 66.696223 65.506775 64.317328 61.243187 60.572733 59.287378 58.002023 56.9776 57.568336 58.241034 58.948778 59.656522 60.364266 61.072011 61.779755
53.542484 53.195324 52.848164 52.506386 52.334572 52.162758 50.691261 51.218214 51.224739 52.190713 53.290999 54.391285 52.289295 50.017466 50.130662 50.243858 50.357054 50.470249 50.64602 50.405257 50.164493 50.17822 50.731097 51.616541 52.778495 53.94045 54.952864 55.534696 56.116528 56.588893 56.818823 57.048753 57.278683 57.508613 57.802357 58.391989 58.981622 59.571254 60.160887 60.820585 61.383569 61.642098 61.262901 61.558236 62.314175 63.557147 67.608934 71.660722 71.995896 70.806448 69.617001 64.286618 59.18079 59.472943 58.187587 56.902232 56.545929 57.136665 57.753188 58.460932 59.168676 59.87642 60.584165 61.291909
