ProjetSIG/InterpolationIDW.tif
NCOLS 301
NROWS 200
XLLCORNER 3.7807092
YLLCORNER 43.546344
DX 0.0007247564
DY 0.00072551204
NODATA_VALUE -9999
[rows 156 to 181 of 200, columns 0 to 59 of 301]
56.242785 56.247509 56.25227 56.257061 56.261878 56.266715 56.271565 56.276423 56.28128 56.286129 56.29096 56.295764 56.300529 56.305243 56.309894 56.314465 56.318941 56.323301 56.327524 56.331586 56.335458 56.339107 56.342494 56.345576 56.3483 56.350605 56.352419 56.353656 56.354212 56.353967 56.352773 56.350454 56.346798 56.341547 56.334389 56.324942 56.312742 56.297221 56.277686 56.253293 56.223026 56.185692 56.139948 56.084438 56.018131 55.941086 55.855922 55.770196 55.698918 55.664239 55.687415 55.773454 55.901254 56.03108 56.121462 56.142097 56.080644 55.942501 55.740876 55.484142
56.246501 56.251158 56.255846 56.260559 56.265294 56.270042 56.274798 56.279555 56.284303 56.289035 56.293741 56.298409 56.303027 56.307583 56.31206 56.316441 56.320707 56.324837 56.328805 56.332582 56.336136 56.339428 56.342414 56.345043 56.347252 56.348972 56.350117 56.350588 56.350265 56.349006 56.346639 56.342959 56.337714 56.3306 56.321244 56.309185 56.293853 56.274533 56.250329 56.220104 56.182414 56.135426 56.076836 56.003843 55.913304 55.802431 55.670777 55.524846 55.386262 55.299265 55.320925 55.479907 55.739606 56.018675 56.236891 56.337573 56.301856 56.156697 55.951018 55.722022
56.250254 56.25485 56.259473 56.264117 56.268776 56.273445 56.278116 56.282782 56.287432 56.292059 56.296651 56.301197 56.305682 56.310093 56.314412 56.31862 56.322696 56.326616 56.330351 56.333869 56.337133 56.3401 56.342721 56.344936 56.346678 56.347866 56.348406 56.348184 56.347067 56.344895 56.341473 56.336571 56.329903 56.321123 56.309803 56.29541 56.277274 56.254542 56.226114 56.190557 56.145965 56.089778 56.018511 55.927404 55.810037 55.658219 55.463244 55.221688 54.952765 54.731872 54.704065 54.980791 55.490727 56.048559 56.500374 56.731886 56.693583 56.467097 56.189035 55.93756
56.254044 56.258586 56.263151 56.267733 56.272327 56.276926 56.281521 56.286105 56.290669 56.295203 56.299694 56.30413 56.308497 56.312779 56.316957 56.321011 56.324918 56.32865 56.332177 56.335464 56.33847 56.341149 56.343444 56.345294 56.346622 56.347341 56.347348 56.346519 56.344707 56.341739 56.337402 56.331443 56.323551 56.313343 56.300348 56.283971 56.263459 56.237842 56.205849 56.165778 56.115304 56.051174 55.968709 55.861013 55.717704 55.52304 55.253887 54.881112 54.3902 53.865159 53.635167 54.09569 55.089869 56.155448 57.047953 57.535557 57.406911 56.910895 56.438642 56.110606
56.257871 56.262366 56.266881 56.27141 56.275946 56.280483 56.285013 56.289527 56.294015 56.298467 56.30287 56.307212 56.311476 56.315645 56.319701 56.323621 56.327381 56.33095 56.334297 56.337384 56.340168 56.342597 56.344614 56.346149 56.347124 56.347444 56.346999 56.345657 56.343263 56.33963 56.334535 56.327707 56.318815 56.307453 56.293115 56.275167 56.252798 56.224956 56.190248 56.14679 56.09196 56.022002 55.931343 55.811404 55.648447 55.419626 55.085954 54.582101 53.817611 52.787698 52.04705 52.746433 54.552557 56.363428 58.006178 59.090574 58.633717 57.445121 56.628668 56.20268
56.261736 56.266191 56.270663 56.275146 56.279634 56.284119 56.288593 56.293047 56.297471 56.301854 56.306183 56.310444 56.314621 56.318696 56.322649 56.326457 56.330092 56.333526 56.336723 56.339643 56.342242 56.344465 56.346252 56.34753 56.348217 56.348213 56.347404 56.345653 56.342797 56.338644 56.33296 56.325467 56.315821 56.303603 56.288292 56.269232 56.245587 56.216271 56.179845 56.134356 56.077077 56.004079 55.909485 55.784138 55.613099 55.370808 55.011573 54.45213 53.553418 52.210502 51.041077 51.881353 54.266057 56.544604 58.844243 60.829018 59.821817 57.683539 56.603928 56.164155
56.265638 56.27006 56.274497 56.278943 56.28339 56.287832 56.29226 56.296666 56.301037 56.305364 56.309632 56.313828 56.317935 56.321934 56.325804 56.329522 56.333058 56.336384 56.339462 56.342252 56.344705 56.346768 56.348378 56.349459 56.349926 56.349679 56.348599 56.346547 56.343357 56.338834 56.332741 56.324796 56.314654 56.301894 56.285996 56.266307 56.241999 56.212005 56.174918 56.128846 56.071175 55.998182 55.904387 55.781416 55.615951 55.385991 55.054176 54.55799 53.810283 52.803873 52.07983 52.797717 54.614045 56.439658 58.253742 59.680598 58.823103 57.092028 56.28262 55.996165
56.269578 56.273974 56.278383 56.282799 56.287215 56.291623 56.296016 56.300383 56.304714 56.308997 56.313219 56.317366 56.321419 56.325361 56.329169 56.332819 56.336283 56.339529 56.342521 56.345217 56.347567 56.349518 56.351003 56.35195 56.35227 56.351862 56.350607 56.348366 56.344974 56.340234 56.333915 56.325736 56.315359 56.302374 56.286277 56.26644 56.242076 56.212183 56.17546 56.130189 56.074054 56.003858 55.915076 55.801151 55.652384 55.454346 55.186285 54.822849 54.353651 53.861755 53.664011 54.138436 55.108788 56.1251 56.991788 57.409254 56.970048 56.247551 55.976061 55.830942
56.273554 56.277931 56.282319 56.286714 56.291107 56.295491 56.299857 56.304197 56.3085 56.312753 56.316943 56.321056 56.325073 56.328977 56.332744 56.336351 56.339768 56.342965 56.345904 56.348542 56.350833 56.352719 56.354136 56.355011 56.355256 56.354772 56.35344 56.351123 56.347659 56.342858 56.336493 56.328295 56.31794 56.305037 56.289112 56.269584 56.24573 56.216649 56.181197 56.13791 56.084883 56.019613 55.938785 55.838005 55.711574 55.552606 55.354538 55.116901 54.86136 54.661192 54.649303 54.914946 55.36562 55.813018 56.112695 56.148478 55.924057 55.765479 55.948475 55.637825
56.277566 56.28193 56.286305 56.290686 56.295064 56.299433 56.303785 56.308108 56.312394 56.31663 56.320803 56.324897 56.328896 56.33278 56.336528 56.340115 56.343513 56.34669 56.349609 56.352229 56.354502 56.356373 56.357778 56.358644 56.358887 56.358409 56.357096 56.354814 56.351408 56.346696 56.340461 56.33245 56.322359 56.309827 56.294419 56.275611 56.252765 56.2251 56.191657 56.151254 56.102427 56.043379 55.971942 55.885617 55.781832 55.65875 55.517287 55.365377 55.224822 55.135931 55.144316 55.259483 55.424853 55.5496 55.562614 55.4362 55.191316 54.996896 55.154117 54.901385
56.281612 56.28597 56.29034 56.294714 56.299086 56.30345 56.307795 56.312113 56.316394 56.320626 56.324795 56.328887 56.332885 56.336769 56.340519 56.34411 56.347515 56.350702 56.353635 56.356274 56.358572 56.360475 56.361922 56.362843 56.363155 56.362765 56.361563 56.359424 56.3562 56.351719 56.345781 56.338149 56.328547 56.316647 56.302062 56.284331 56.262906 56.237138 56.206251 56.169335 56.125327 56.07303 56.011171 55.938569 55.854517 55.759544 55.656756 55.553717 55.463834 55.404069 55.384753 55.393652 55.38916 55.316288 55.14377 54.908403 54.628012 54.10556 54.458073 54.584498
56.285691 56.29005 56.29442 56.298796 56.303171 56.307537 56.311886 56.31621 56.320498 56.324738 56.328918 56.333022 56.337036 56.34094 56.344712 56.348331 56.351769 56.354995 56.357975 56.360669 56.363034 56.365016 56.366559 56.367594 56.368043 56.367819 56.366819 56.364924 56.361998 56.357882 56.352393 56.345317 56.336405 56.325367 56.311866 56.295507 56.275835 56.25232 56.224359 56.191272 56.152323 56.106757 56.05389 55.993287 55.925057 55.850317 55.77177 55.694065 55.623137 55.563157 55.51034 55.445565 55.330522 55.11149 54.741045 54.289058 54.184232 54.309648 54.647379 55.078068
56.289801 56.294167 56.298545 56.302929 56.307314 56.311692 56.316055 56.320394 56.3247 56.328961 56.333165 56.337298 56.341344 56.345285 56.349102 56.352771 56.356266 56.35956 56.362618 56.365404 56.367875 56.369982 56.371671 56.372877 56.37353 56.373545 56.372829 56.371274 56.368753 56.365124 56.360222 56.353857 56.345811 56.335831 56.323632 56.308883 56.291212 56.270201 56.245388 56.216283 56.182383 56.143224 56.098459 56.047972 55.992056 55.931586 55.868103 55.803522 55.739007 55.67252 55.59495 55.485388 55.30575 54.991793 54.435323 53.538692 53.183536 54.305699 55.139789 56.127491
56.29394 56.298319 56.302711 56.307111 56.311514 56.315912 56.320297 56.324663 56.328997 56.333292 56.337533 56.341709 56.345803 56.349799 56.353679 56.35742 56.360998 56.364386 56.367553 56.370465 56.37308 56.375354 56.377236 56.378668 56.379584 56.379907 56.379552 56.378422 56.376403 56.37337 56.369177 56.363659 56.356628 56.347871 56.337148 56.324191 56.308703 56.290359 56.268815 56.243718 56.214728 56.181558 56.144015 56.102071 56.055915 56.00596 55.952697 55.896224 55.835246 55.765369 55.676672 55.550598 55.355574 55.039389 54.522623 53.801057 53.600793 54.517128 55.483052 56.680213
56.298105 56.302502 56.306915 56.311338 56.315766 56.320192 56.324609 56.32901 56.333384 56.337723 56.342014 56.346246 56.350405 56.354473 56.358434 56.362268 56.365952 56.36946 56.372765 56.375833 56.378628 56.381109 56.383229 56.384936 56.386169 56.386862 56.386937 56.386309 56.384879 56.382536 56.379157 56.3746 56.368708 56.361305 56.352196 56.341168 56.327989 56.312413 56.294187 56.273061 56.248805 56.221228 56.190203 56.155687 56.117706 56.076285 56.031239 55.981754 55.925673 55.858468 55.771967 55.653059 55.48285 55.238824 54.914038 54.601619 54.60301 55.043214 55.629054 56.224541
56.302294 56.306715 56.311154 56.315606 56.320066 56.324528 56.328985 56.33343 56.337854 56.342248 56.346602 56.350904 56.35514 56.359297 56.363357 56.367303 56.371114 56.374766 56.378234 56.381488 56.384495 56.387219 56.389617 56.391643 56.393244 56.394361 56.394928 56.394869 56.3941 56.392529 56.390051 56.38655 56.381897 56.375951 56.36856 56.359558 56.34877 56.336018 56.32112 56.303904 56.284213 56.261918 56.236921 56.209147 56.178506 56.144802 56.107551 56.065685 56.01713 55.958321 55.883819 55.786426 55.658797 55.499229 55.327399 55.210256 55.248451 55.46043 55.74211 55.969161
56.306502 56.310953 56.315424 56.319912 56.324411 56.328916 56.33342 56.337918 56.342401 56.346861 56.351287 56.355671 56.359999 56.364258 56.368434 56.37251 56.376468 56.380285 56.383941 56.387407 56.390656 56.393655 56.396367 56.398752 56.400764 56.402353 56.403462 56.404029 56.403985 56.403252 56.401746 56.399375 56.396038 56.391626 56.386026 56.379115 56.370769 56.360865 56.349281 56.335907 56.320643 56.303408 56.284129 56.262729 56.239078 56.212923 56.183756 56.150647 56.112051 56.065684 56.008641 55.93812 55.853399 55.760052 55.676417 55.636397 55.672924 55.78282 55.917446 56.009786
56.310728 56.315212 56.319721 56.32425 56.328794 56.333348 56.337908 56.342467 56.347017 56.351552 56.356062 56.360538 56.36497 56.369346 56.373652 56.377874 56.381996 56.385999 56.389863 56.393566 56.397082 56.400384 56.40344 56.406218 56.408678 56.410779 56.412474 56.413714 56.414443 56.414601 56.414122 56.412938 56.410972 56.408149 56.404387 56.399605 56.393724 56.386669 56.37837 56.368769 56.357823 56.345494 56.331752 56.31655 56.299797 56.281298 56.260693 56.237376 56.21045 56.178793 56.141343 56.097834 56.050165 56.00442 55.972458 55.969933 56.007421 56.078815 56.159284 56.215747
56.314967 56.31949 56.32404 56.328615 56.33321 56.33782 56.342442 56.347068 56.351694 56.356312 56.360915 56.365495 56.370042 56.374546 56.378995 56.383378 56.38768 56.391885 56.395976 56.399935 56.403741 56.40737 56.410798 56.413996 56.416934 56.419579 56.421896 56.423846 56.425386 56.426474 56.427062 56.427102 56.426545 56.425341 56.423442 56.420804 56.417387 56.41316 56.408103 56.402209 56.395483 56.387946 56.379623 56.370535 56.360677 56.349996 56.338356 56.325535 56.311245 56.295264 56.277716 56.259577 56.243405 56.234029 56.23847 56.263946 56.313645 56.382613 56.457719 56.522745
56.319215 56.32378 56.328377 56.333003 56.337654 56.342326 56.347015 56.351716 56.356424 56.361133 56.365837 56.370529 56.375201 56.379844 56.384448 56.389004 56.393499 56.397921 56.402256 56.406488 56.410601 56.414578 56.418397 56.422038 56.425478 56.428693 56.431657 56.434342 56.436721 56.438764 56.440444 56.441731 56.4426 56.443028 56.442996 56.442494 56.44152 56.440083 56.438209 56.435941 56.43334 56.430488 56.427481 56.424433 56.421461 56.418686 56.416232 56.41425 56.412979 56.412871 56.414803 56.420377 56.432231 56.454143 56.490581 56.545333 56.619427 56.709476 56.807959 56.906136
56.323467 56.328079 56.332727 56.337408 56.342119 56.346858 56.35162 56.356401 56.361198 56.366005 56.370817 56.375629 56.380434 56.385225 56.389994 56.394733 56.399433 56.404083 56.408674 56.413194 56.41763 56.421968 56.426195 56.430296 56.434256 56.438057 56.441685 56.445123 56.448356 56.45137 56.454151 56.456693 56.458989 56.461042 56.462861 56.464466 56.465891 56.467185 56.468417 56.46968 56.471091 56.4728 56.474985 56.477865 56.481696 56.486789 56.493528 56.502413 56.51413 56.529666 56.550459 56.57857 56.616799 56.668613 56.737711 56.827112 56.937894 57.068058 57.212198 57.362805
56.327721 56.332382 56.337084 56.341824 56.3466 56.351409 56.356248 56.361115 56.366006 56.370917 56.375844 56.380782 56.385727 56.390673 56.395615 56.400546 56.405459 56.410348 56.415205 56.420022 56.424791 56.429503 56.434149 56.438721 56.443211 56.44761 56.451911 56.456109 56.460201 56.464187 56.468069 56.471856 56.475565 56.479219 56.482854 56.486518 56.490279 56.494222 56.498459 56.503132 56.508415 56.514528 56.521735 56.530364 56.540815 56.553588 56.569316 56.588818 56.61318 56.643859 56.682814 56.732632 56.79661 56.878708 56.983271 57.114412 57.274983 57.46504 57.679835 57.908103
56.331971 56.336685 56.341443 56.346246 56.351089 56.355973 56.360894 56.36585 56.370839 56.375858 56.380905 56.385975 56.391065 56.396173 56.401293 56.406422 56.411556 56.416691 56.421821 56.426943 56.432051 56.437144 56.442215 56.447264 56.452288 56.457288 56.462264 56.467222 56.472168 56.477117 56.482084 56.487097 56.492188 56.497403 56.502801 56.508457 56.514469 56.520957 56.528073 56.536006 56.544986 56.555299 56.567298 56.581414 56.598189 56.6183 56.642611 56.672233 56.70862 56.753679 56.809916 56.88059 56.969875 57.082971 57.226114 57.406353 57.630762 57.904361 58.225375 58.576802
56.336212 56.340981 56.345799 56.350666 56.355581 56.360542 56.365547 56.370596 56.375687 56.380819 56.385988 56.391194 56.396435 56.401708 56.407011 56.412344 56.417702 56.423086 56.428494 56.433924 56.439376 56.444852 56.450351 56.455877 56.461435 56.467031 56.472677 56.478384 56.484172 56.490064 56.496092 56.502295 56.508725 56.515445 56.522537 56.5301 56.538257 56.547163 56.557006 56.568016 56.580478 56.594741 56.611235 56.630493 56.65318 56.680136 56.71243 56.751438 56.79895 56.857307 56.929586 57.019842 57.133415 57.277328 57.460784 57.695684 57.996827 58.380489 58.857819 59.415558
56.34044 56.345266 56.350146 56.35508 56.360067 56.365108 56.370201 56.375345 56.380541 56.385787 56.391083 56.396427 56.401821 56.407262 56.412751 56.418289 56.423875 56.42951 56.435197 56.440936 56.446732 56.452589 56.458513 56.464513 56.470598 56.476782 56.483084 56.489524 56.49613 56.502938 56.50999 56.517339 56.525052 56.533208 56.541909 56.551274 56.561453 56.572627 56.585017 56.598893 56.614584 56.632495 56.653126 56.677094 56.705175 56.738343 56.777842 56.825274 56.882719 56.952912 57.039479 57.147283 57.282928 57.455516 57.677811 57.967972 58.351923 58.86553 59.551943 60.436703
56.344651 56.349534 56.354478 56.35948 56.364543 56.369665 56.374846 56.380088 56.38539 56.390752 56.396176 56.401661 56.407208 56.412819 56.418496 56.424239 56.430053 56.435939 56.441903 56.44795 56.454086 56.46032 56.466662 56.473126 56.479727 56.486484 56.493423 56.500572 56.507968 56.515655 56.523685 56.532125 56.541053 56.550564 56.560774 56.571824 56.583883 56.597155 56.611889 56.628388 56.647019 56.668233 56.692585 56.720762 56.753621 56.792246 56.838014 56.892697 56.958605 57.038779 57.137291 57.259678 57.413629 57.610083 57.865061 58.202746 58.660693 59.298064 60.205115 61.494038
