ProjetSIG/InterpolationTIN.tif
NCOLS 301
NROWS 200
XLLCORNER 3.7807092
YLLCORNER 43.546344
DX 0.0007247564
DY 0.00072551204
NODATA_VALUE -9999
[rows 112 to 139 of 200, columns 128 to 191 of 301]
56.224029 56.014171 55.804314 55.594456 55.384599 55.174741 54.964884 54.926469 55.2602 55.593931 55.927662 58.594229 59.3472 58.561666 57.776132 56.990618 54.437337 53.215393 53.807939 54.400486 54.993032 55.585579 56.178125 56.770672 57.363219 57.500423 57.40271 57.304997 57.207284 57.109571 57.011858 56.914145 56.816432 57.048522 56.638305 57.098226 57.558146 58.018067 58.447864 58.503883 58.903513 59.023736 59.143958 59.264181 59.384403 59.504626 59.624848 59.745071 60.272653 60.250225 59.953029 59.655834 59.358638 59.061442 60.27619 59.938662 59.597522 59.256382 58.915242 58.574102 58.232962 57.891822 57.550682 57.209542
59.895164 59.685307 59.475449 59.265592 59.055734 58.845877 58.636019 58.426162 58.216304 57.716927 56.841754 56.325311 55.67664 55.027968 54.379297 53.730625 53.081954 53.435651 54.296592 54.889138 55.481685 56.074231 56.666778 57.259325 57.851871 58.135314 58.037601 57.939888 57.842176 57.744463 57.64675 57.549037 57.451324 56.573323 55.752252 55.808271 55.864291 55.92031 55.97633 58.788206 58.527432 58.327573 58.447795 58.568018 58.68824 58.808463 58.928685 59.048908 59.547133 60.228105 60.909076 61.590047 61.745765 61.44857 61.80253 61.46139 61.12025 60.77911 60.43797 60.09683 59.75569 59.41455 59.07341 58.73227
63.5663 63.356442 63.146585 62.733634 61.651815 60.569995 59.488175 58.406355 57.324535 56.255202 56.140078 56.024954 55.672167 55.023496 54.374824 53.726152 53.077481 52.474928 52.222339 53.989386 55.970338 56.562884 57.155431 57.747977 58.340524 58.770206 58.672493 58.57478 58.477067 58.379354 58.062853 57.204052 56.345251 55.165343 53.788775 53.336738 53.392757 53.448777 57.310795 58.447029 58.186255 57.92548 57.751633 57.871855 57.992078 58.1123 58.232523 58.352745 58.821614 59.502585 60.183557 60.864528 61.545499 62.226471 62.717709 62.585886 62.454063 62.301839 61.960699 61.619559 61.278419 60.937279 60.596139 60.254999
64.504882 63.423062 62.341242 61.259422 60.177602 59.095783 58.013963 56.932143 55.850323 55.553527 55.438403 55.323279 55.208155 55.019023 54.370351 53.72168 53.073008 52.424337 52.002011 51.749422 52.356033 54.543121 56.730209 58.23663 58.829177 59.405098 59.307385 59.209672 58.659706 57.800905 56.942104 56.083304 55.13393 53.757362 52.380794 51.004226 51.6927 55.714114 58.366625 58.105851 57.845077 57.584303 57.323528 57.175692 57.295915 57.416137 57.53636 57.656582 58.096095 58.777066 59.458037 60.139009 60.81998 61.373681 61.594996 61.478451 61.346628 61.214805 61.082982 60.951158 60.819335 60.687512 60.555689 60.423865
63.03067 61.94885 60.86703 59.78521 58.70339 57.62157 56.539751 55.457931 54.966975 54.851851 54.736727 54.621603 54.506479 54.391355 54.276231 53.717207 53.068535 52.419864 51.781683 51.529094 51.276505 51.023915 52.909768 55.096856 57.283944 59.471032 59.25656 58.397759 57.538958 56.680157 55.821356 54.962555 53.72595 52.349382 50.972814 51.215093 54.117434 58.138849 58.025447 57.764673 57.503899 57.243125 56.982351 56.721577 56.599752 56.719975 56.840197 56.96042 57.370575 58.051547 58.732518 59.413489 59.998346 60.21966 60.440975 60.371017 60.239193 60.10737 59.975547 59.843724 59.7119 59.580077 59.448254 59.316431
61.556458 60.474638 59.392818 58.310998 57.229178 56.147358 55.065538 54.380424 54.2653 54.150176 54.035052 53.919928 53.804804 53.68968 53.574556 53.459432 53.064063 52.415391 51.766719 51.308766 51.056177 50.803587 50.550998 51.276415 53.463503 55.665406 57.871468 57.27701 56.41821 55.559409 54.700608 53.694537 52.317969 50.941401 52.255103 54.220623 56.542168 57.945044 57.684269 57.423495 57.162721 56.901947 56.641173 56.380399 56.119625 56.023812 56.144034 56.264257 56.645056 57.326027 58.006999 58.62301 58.844325 59.06564 59.286954 59.263582 59.131759 58.999935 58.868112 58.736289 58.604466 58.472642 58.340819 58.208996
60.082245 59.000426 57.918606 56.836786 55.754966 54.673146 53.793872 53.678748 53.563624 53.4485 53.333376 53.218252 53.103128 52.988004 52.872881 52.757757 52.642633 52.410918 51.762247 51.113575 50.835849 50.583259 50.33067 50.078081 50.192403 51.86258 54.068643 56.156262 55.297461 54.438661 53.57986 52.286557 51.329591 53.295112 55.260633 57.174595 58.308556 57.856257 57.343092 57.082317 56.821543 56.560769 56.299995 56.039221 55.778447 55.517673 55.447872 55.568094 55.919537 56.600508 57.247674 57.468989 57.690304 57.911619 58.132934 58.156147 58.024324 57.892501 57.760677 57.628854 57.517886 57.427925 57.337965 57.248004
58.608033 57.526213 56.444394 55.362574 54.280754 53.207321 53.092197 52.977073 52.861949 52.746825 52.631701 52.516577 52.401453 52.286329 52.171205 52.056081 51.940957 51.825833 51.710709 51.109102 50.615521 50.362931 50.110342 50.178826 50.49637 50.726069 50.954811 52.47188 54.176713 53.317912 52.255144 52.3696 54.335121 55.697089 56.861066 58.025042 59.083927 59.112725 58.474103 57.835482 57.196861 56.558239 55.958817 55.698043 55.437269 55.176495 54.915721 54.871931 55.194017 55.872339 56.093654 56.314968 56.536283 56.757598 56.978913 57.048712 56.958575 56.868614 56.778653 56.688692 56.598731 56.508771 56.41881 56.328849
57.115381 56.052001 54.970182 53.888362 52.806542 52.505645 52.390521 52.275397 52.160273 52.045149 51.930025 51.814901 51.699777 51.584653 51.46953 51.354406 51.239282 51.124158 51.009034 50.89391 50.455958 50.142603 50.138269 50.455812 50.773356 51.030993 51.259735 51.488477 51.717219 52.197164 53.055606 54.219583 55.383559 56.547536 57.711512 58.854198 59.859297 60.369192 59.730571 59.09195 58.453328 57.814707 57.176086 56.537464 55.898843 55.260221 54.6216 54.313769 54.468498 54.718318 54.944267 55.182404 55.420542 55.65868 55.896818 56.129381 56.03942 55.949459 55.859498 55.769538 55.679577 55.589616 56.864033 58.231393
55.589344 54.577789 53.495969 52.41415 51.919094 51.80397 51.688846 51.573722 51.458598 51.343474 51.22835 51.113226 50.998102 50.882978 50.767854 50.65273 50.537606 50.422482 50.307358 50.192234 50.07711 50.097712 50.415255 50.732798 51.050342 51.335917 51.564659 51.793401 52.083296 52.94374 53.906053 55.070029 56.234006 57.397982 58.561959 59.629568 60.634667 61.62566 60.987039 60.348418 59.709796 59.071175 58.432553 57.793932 57.155311 56.516689 55.55949 54.295124 54.819809 54.492164 54.16452 54.118562 54.3567 54.594838 54.832976 55.071113 55.120265 55.030304 54.940344 55.187526 56.554886 57.922246 59.289606 60.656966
54.063307 53.103577 52.021757 51.332542 51.217418 51.102294 50.98717 50.872046 50.756922 50.641798 50.526674 50.41155 50.296426 50.181302 50.066179 50.118838 50.398355 50.677872 50.95739 51.236907 50.431172 50.610357 50.521739 51.008606 51.327328 51.640841 51.869583 52.369864 53.230307 54.090751 54.951195 55.920476 57.084453 58.248429 59.39984 60.404939 61.410038 62.415137 62.243507 61.604885 60.966264 60.327643 59.656811 58.385496 57.114182 55.842868 54.886838 55.737903 56.283509 55.955864 55.62822 55.300575 54.97293 54.645286 54.317641 54.007271 54.20111 54.878379 56.245739 57.469823 58.635752 59.801682 60.967611 62.133541
52.53727 51.629365 50.745991 50.630867 50.515743 50.400619 50.285495 50.170371 50.055247 50.14538 50.424897 50.704414 50.983931 51.263449 51.542966 51.822483 52.102 52.381518 52.661035 51.361335 50.158244 51.11322 50.993912 50.895977 51.382844 51.869711 52.656432 53.516875 54.377319 55.237763 56.098207 56.958651 57.934899 59.098876 60.17521 61.180309 62.185408 63.190507 63.499975 62.482817 61.211502 59.940188 58.668874 57.397559 56.126245 55.478552 56.329617 57.180682 57.747209 57.419564 57.09192 56.764275 56.43663 56.108986 55.781341 55.453696 54.29138 55.457309 56.623239 57.789168 58.955098 60.121027 61.286957 62.452886
51.011232 50.159439 50.044315 50.171921 50.451439 50.730956 51.010473 51.28999 51.569508 51.849025 52.128542 52.408059 52.687577 52.967094 53.246611 53.526129 53.805646 53.923215 52.291497 50.65978 50.568835 51.523811 51.69895 51.377466 51.360886 51.90006 52.713099 53.779319 54.845539 55.911759 56.97798 58.0442 58.966107 59.945482 60.950581 61.509087 62.043617 62.578148 62.554447 61.494879 60.223565 58.952251 57.680936 56.409622 56.070266 56.921331 57.772397 58.623462 59.210909 58.883265 58.55562 58.227975 57.90033 57.572686 57.245041 55.5114 54.610725 55.776655 56.942584 58.108514 59.274443 60.440373 61.606302 62.772232
50.511177 51.512727 51.596049 51.875567 52.155084 52.434601 52.714118 52.993636 53.273153 53.55267 53.832188 54.111705 54.391222 54.670739 54.950257 55.229774 54.853378 53.22166 51.589942 50.024449 50.979426 51.934402 52.403988 52.065758 51.547449 51.941172 52.641884 53.708104 54.774325 55.840545 56.906765 57.972986 58.998685 59.130749 59.599171 60.133702 60.668233 61.202764 60.892869 60.501814 59.235628 57.964314 56.692999 56.66198 57.513045 58.364111 59.215176 60.066241 60.674609 60.346965 60.01932 59.691675 59.364031 59.036386 57.816006 54.642064 54.930071 56.096 57.26193 58.427859 59.593789 60.759718 61.925648 63.091577
50.469624 51.865364 54.143276 53.579212 53.858729 54.138247 54.417764 54.697281 54.976798 55.256316 55.535833 55.81535 56.094867 56.374385 56.653902 55.78354 54.151822 52.520105 50.888387 50.43504 51.390016 52.344992 53.109027 52.707073 52.188764 51.982285 52.57067 53.63689 54.70311 55.769331 56.835551 57.661687 57.793752 57.925817 58.223787 58.758318 59.292849 59.622347 59.231291 58.840236 58.247691 56.976376 57.253694 58.10476 58.955825 59.80689 60.657955 61.50902 62.138309 61.810665 61.48302 61.155375 60.827731 60.120612 56.94667 54.083487 55.249416 56.415346 57.581275 58.747205 59.913134 61.079063 62.244993 63.410922
50.42807 52.218 57.880623 55.282857 55.562375 55.841892 56.121409 56.400926 56.680444 56.959961 57.239478 57.518995 57.798513 58.07803 56.713703 55.081985 53.450267 51.81855 50.186832 50.845631 51.800607 52.755583 53.710559 53.348388 52.830079 52.31177 52.562571 53.565676 54.631896 55.698116 56.324689 56.456754 56.588819 56.720884 56.852949 57.382933 57.917464 57.960769 57.569713 57.178658 56.787602 57.845408 58.696474 59.547539 60.398604 61.249669 62.100734 62.951799 63.602009 63.274365 62.94672 62.619075 62.291431 59.251277 56.077335 54.402832 55.568762 56.734691 57.900621 59.06655 60.232479 61.398409 62.564338 63.730268
50.386516 52.570637 58.421376 61.969252 57.26602 57.545537 57.825054 58.104572 58.384089 58.663606 58.943123 59.222641 59.275583 57.643865 56.012147 54.38043 52.748712 51.116994 50.301246 51.256222 52.211198 53.166174 54.09615 53.963045 53.471394 52.953085 52.603684 53.494462 54.560682 54.987691 55.119756 55.251821 55.383886 55.515951 55.648016 56.007549 56.54208 56.299191 55.908135 55.980329 57.163909 58.616049 60.068189 60.990318 61.841383 62.692448 63.543513 64.394578 65.06571 64.738065 64.41042 64.082775 61.555883 58.381941 55.207999 54.722178 55.888107 57.054037 58.219966 59.385895 60.551825 61.717754 62.883684 63.524468
50.344963 52.923274 58.774013 64.176504 62.035804 59.249182 59.5287 59.808217 60.087734 60.367251 60.646769 60.205745 58.574028 56.94231 55.310592 53.678875 52.047157 50.415439 50.711837 51.666813 52.621789 53.547874 54.45849 54.508268 54.034104 53.559939 53.076091 53.423247 53.650693 53.782758 53.914823 54.046888 54.178953 54.311018 54.443083 54.632164 55.028669 54.637613 55.283248 56.386772 57.742828 59.194968 60.647108 62.099248 63.284162 64.135227 64.986292 65.837358 66.52941 66.201765 65.87412 63.860489 60.686548 57.512606 54.338664 55.041523 56.207453 57.373382 58.539311 59.705241 60.87117 62.0371 62.306478 62.038449
51.260381 52.613172 58.485144 64.48479 69.707073 62.102356 61.232345 61.511862 61.791379 62.070897 61.135908 59.50419 57.872473 56.240755 54.609037 52.977319 51.345602 50.167452 51.122428 52.077404 52.999598 53.910214 54.82083 55.053492 54.579327 54.105163 53.630998 53.21189 53.108029 53.082288 53.056546 53.030805 53.005064 53.106085 53.23815 53.370215 53.482643 54.586167 55.68969 56.869607 58.321747 59.773887 61.226027 62.678167 64.130307 65.578006 66.429072 67.280137 67.99311 67.665465 66.165096 62.991154 59.817212 56.64327 54.194939 55.360869 56.526798 57.692727 58.858657 60.024586 61.190516 61.088489 60.820459 60.55243
51.444117 53.558797 57.410975 63.682048 70.306226 69.861779 62.93599 63.215507 63.495025 62.066071 60.434353 58.802635 57.170917 55.5392 53.907482 52.275764 50.644046 50.578043 51.533019 52.451321 53.361938 54.272554 55.18317 55.598715 55.124551 54.650386 54.176222 53.785043 53.413361 53.317145 53.291404 53.265663 53.239922 53.21418 53.188439 53.363632 53.889085 54.992609 56.096133 57.448526 58.900666 60.352806 61.804946 63.257086 64.709226 66.161366 67.613506 68.722916 69.45681 68.469702 65.29576 62.121818 58.947877 55.773935 54.514285 55.680214 56.846143 58.012073 59.178002 60.138529 59.870499 59.60247 59.33444 59.066411
53.097858 55.212538 57.327218 63.883494 69.865184 68.212608 66.560033 64.627951 62.996233 61.364515 59.732798 58.10108 56.469362 54.837644 53.205927 51.574209 50.033658 50.988634 51.903045 52.813662 53.724278 54.634894 55.545511 56.143939 55.669774 55.19561 54.729878 54.358196 53.986513 53.614831 53.526262 53.500521 53.47478 53.449038 53.689734 54.407585 54.398824 55.399052 56.575305 58.027445 59.479585 60.931725 62.383865 63.836005 65.288145 66.740285 68.192425 69.644565 70.774308 67.600367 64.426425 61.252483 58.078541 54.904599 54.83363 55.999559 57.165489 58.331418 58.92054 58.65251 58.384481 58.116451 57.848422 57.580392
53.496318 55.085144 58.353909 65.674996 66.041375 65.162748 64.516895 63.871041 62.349019 60.701872 59.054725 57.407578 55.767807 54.136089 52.504371 50.872654 50.444153 51.354769 52.265386 53.176002 54.086618 54.997235 55.907851 56.689163 56.214998 55.740833 55.303031 54.931349 54.559666 54.187984 53.816301 53.735379 53.709637 54.015836 54.733687 55.451538 55.381685 55.805494 57.154224 58.606364 60.058504 61.510644 62.962784 64.092796 65.05817 66.023544 66.988918 67.954293 68.038017 66.731031 63.557089 60.383147 57.209206 54.035264 55.152975 56.318905 57.484834 57.70255 57.434521 57.166491 56.898462 56.630432 56.362403 56.094373
52.598343 54.187168 60.803007 66.399823 65.701268 65.002713 64.304158 63.605603 61.849871 60.198447 58.547023 56.895599 55.244175 53.592751 51.941326 50.289902 50.806493 51.717109 52.627726 53.538342 54.448958 55.359575 56.270191 57.180807 56.760221 56.286057 55.876184 55.504501 55.132819 54.761136 54.389454 54.017771 54.341938 55.059789 55.77764 56.495491 56.364545 56.10322 57.026371 57.991745 58.95712 59.922494 60.887868 61.853242 62.818616 63.78399 64.749365 65.714739 65.045725 64.083819 62.687754 59.513812 56.33987 54.306391 55.472321 56.63825 56.484561 56.216531 55.948502 55.680472 55.412443 55.144413 54.876384 54.608354
51.700367 56.229165 61.718969 67.208772 66.536341 65.837786 65.139231 64.065649 61.435379 59.882749 58.231325 56.579901 54.928477 53.277053 51.625628 50.634987 52.078133 52.133526 52.990066 53.900682 54.811299 55.721915 56.632531 57.543148 57.305445 56.83128 56.449337 56.077654 55.705972 55.334289 54.962607 55.638434 57.929819 59.536995 60.049122 60.561248 60.811114 61.24503 60.423499 59.601968 58.780437 57.958905 58.648314 59.613688 60.579062 61.544436 62.509811 63.015337 62.053432 61.091527 60.129621 58.644477 55.470535 54.625737 55.534601 55.266571 54.998542 54.730512 54.462483 54.194453 54.169149 54.785337 55.401526 56.017715
51.719448 56.797886 62.28769 67.777494 67.371414 66.672859 65.974303 64.110391 61.480121 59.54633 57.915627 56.264203 54.612779 52.961355 51.470068 51.049623 51.324854 53.704156 53.759549 54.263023 55.173639 56.084255 56.994872 57.905488 57.850669 57.394172 57.02249 56.650807 56.279125 55.968522 56.092144 58.383529 60.674913 62.966298 65.257682 66.104174 66.425518 66.38684 65.565309 64.743778 63.922247 63.100715 62.279184 61.457653 60.636122 59.81459 60.270257 60.023044 59.061139 58.099234 57.137329 56.175423 54.601199 54.316612 54.048582 54.504501 55.120689 55.736878 56.353067 56.969255 57.585444 58.201633 58.817821 59.43401
54.283246 57.366608 62.856412 68.346215 68.206486 67.507931 66.785404 64.155134 61.524864 58.986857 57.599929 55.948505 54.297081 52.645657 51.884705 51.46426 51.043815 55.258913 55.330179 55.385572 55.535979 56.446596 57.357212 58.267828 58.395892 57.967325 57.595642 57.22396 57.036615 57.032269 58.837239 61.128623 63.420008 65.711392 68.002777 70.294161 72.159227 71.510381 70.707119 70.064237 69.429655 67.645957 65.543496 63.441036 61.338576 60.130757 59.133533 58.136309 57.139085 56.141861 55.243184 55.456041 56.07223 56.688419 57.304607 57.920796 58.536985 59.153173 59.769362 60.385551 60.661859 59.812154 58.962448 58.112742
56.847045 57.93533 63.425133 68.914937 69.041559 68.343004 66.830146 64.199876 61.569606 58.939336 57.12553 55.632807 53.981383 52.719786 52.299341 51.878896 51.458451 54.149126 56.90081 56.956202 57.011595 57.066987 57.719552 58.630168 58.941116 58.540478 58.168795 58.104707 58.100361 59.290949 61.582334 63.873718 66.165102 68.456487 70.747871 73.039256 73.619714 71.517254 69.414794 67.312333 65.209873 63.107413 61.618611 60.621387 59.624163 58.626939 57.629715 57.106728 57.023771 57.63996 58.256148 58.872337 59.488526 60.104714 60.720903 61.337092 61.95328 61.393505 60.543799 59.694094 58.844388 57.994682 57.144976 56.295271
59.410843 60.388044 63.993855 69.483659 69.876632 69.178077 66.874889 64.244619 61.614349 58.984079 56.566058 55.264204 53.665685 53.134422 52.713977 52.293532 51.873088 53.03934 58.083185 58.526833 58.582225 58.637618 58.69301 58.992509 59.486339 59.177146 59.1728 59.168454 59.744659 62.036044 64.327428 66.618813 68.910197 71.266311 73.286091 71.183631 69.08117 66.97871 64.87625 63.106465 62.109241 61.112017 60.114793 59.352313 58.970273 58.5915 59.207689 59.823878 60.440066 61.056255 61.672444 62.288632 62.904821 62.974857 62.125151 61.275445 60.425739 59.576034 58.726328 57.876622 57.026916 56.177211 55.327505 -9999
