ProjetSIG/InterpolationIDW.tif
NCOLS 301
NROWS 200
XLLCORNER 3.7807092
YLLCORNER 43.546344
DX 0.0007247564
DY 0.00072551204
NODATA_VALUE -9999
[rows 52 to 77 of 200, columns 60 to 119 of 301]
55.038361 55.082066 55.129897 55.180998 55.233802 55.285929 55.334302 55.37558 55.406944 55.427029 55.436547 55.438229 55.436075 55.434308 55.436516 55.445191 55.461633 55.486039 55.517641 55.554812 55.595136 55.635473 55.672091 55.70092 55.717947 55.719718 55.703812 55.669122 55.615838 55.545103 55.458478 55.357343 55.242385 55.113202 54.967995 54.803377 54.614404 54.395505 54.144114 53.870939 53.619002 53.466212 53.445898 53.481651 53.54466 53.68762 53.877993 54.041714 54.147644 54.199974 54.214986 54.210882 54.205025 54.212024 54.240821 54.29275 54.363006 54.444942 54.534133 54.629638
54.944703 54.974714 55.006663 55.039697 55.072693 55.104407 55.133736 55.160041 55.183387 55.204565 55.224869 55.245785 55.268793 55.295316 55.326684 55.364045 55.408204 55.459441 55.517337 55.580605 55.646937 55.712913 55.774042 55.825048 55.860471 55.875528 55.867009 55.833859 55.77719 55.699711 55.604822 55.495726 55.374809 55.243352 55.101536 54.948715 54.784053 54.607933 54.424862 54.248216 54.103811 54.021536 54.009587 54.046207 54.112623 54.19941 54.28379 54.343583 54.373837 54.38098 54.37448 54.363754 54.35741 54.362444 54.383069 54.420088 54.471735 54.536065 54.614363 54.7146
54.853042 54.871598 54.890547 54.908989 54.926052 54.941233 54.954835 54.968314 54.984215 55.005467 55.034273 55.071353 55.116145 55.167679 55.225392 55.289386 55.360198 55.438368 55.523963 55.616141 55.712742 55.809937 55.902069 55.981892 56.041433 56.073476 56.073281 56.039775 55.975617 55.886097 55.777461 55.655439 55.524415 55.387312 55.24596 55.101787 54.956796 54.814984 54.684329 54.57885 54.518569 54.523354 54.598391 54.71598 54.810991 54.825642 54.769585 54.690899 54.619827 54.563851 54.522034 54.49298 54.476652 54.473763 54.484689 54.508773 54.544508 54.590975 54.651741 54.744862
54.762434 54.771378 54.779502 54.78563 54.788754 54.78859 54.786345 54.785425 54.791398 54.810437 54.846566 54.899762 54.966714 55.043404 55.127218 55.217486 55.314944 55.420865 55.536249 55.661105 55.793736 55.930001 56.062706 56.18156 56.274287 56.329192 56.338542 56.301114 56.222352 56.112062 55.981075 55.838646 55.691383 55.543504 55.397812 55.256871 55.124268 55.006038 54.912411 54.859787 54.872297 54.980648 55.208901 55.520121 55.728523 55.636188 55.346174 55.065737 54.865585 54.735251 54.652115 54.600086 54.569968 54.556766 54.557375 54.569069 54.58864 54.612113 54.636414 54.672669
54.671583 54.672567 54.671698 54.667155 54.657198 54.640947 54.619714 54.598763 54.58821 54.600501 54.643808 54.716737 54.810524 54.915915 55.027693 55.144969 55.269552 55.404287 55.551872 55.713915 55.889923 56.075984 56.263271 56.437068 56.577795 56.665345 56.685994 56.638083 56.53242 56.387135 56.220729 56.047382 55.875841 55.710751 55.554766 55.410452 55.281826 55.175815 55.104135 55.086326 55.155092 55.364787 55.792449 56.449074 56.939925 56.657816 55.968317 55.418761 55.078962 54.877635 54.756905 54.683747 54.640453 54.617319 54.608383 54.608835 54.612902 54.610823 54.582948 54.493954
54.578769 54.573526 54.565606 54.552065 54.52963 54.495518 54.449421 54.397438 54.356648 54.352983 54.405051 54.507827 54.639524 54.780953 54.924027 55.069229 55.221065 55.385196 55.567054 55.770947 55.998904 56.248648 56.51048 56.763938 56.977307 57.114442 57.14925 57.078931 56.92506 56.721767 56.500703 56.28263 56.077412 55.888186 55.715672 55.56109 55.427835 55.322717 55.257746 55.253792 55.348566 55.613082 56.172588 57.123753 57.923896 57.447545 56.393367 55.645617 55.216806 54.972616 54.828877 54.742007 54.68944 54.658832 54.642548 54.634457 54.627121 54.607267 54.545538 54.37815
54.481567 54.472228 54.459824 54.439782 54.406426 54.353333 54.275228 54.174841 54.077495 54.038535 54.104971 54.260683 54.45084 54.638769 54.816136 54.988784 55.166481 55.35916 55.576055 55.825471 56.113915 56.443511 56.806475 57.176655 57.50326 57.71972 57.774277 57.660848 57.422379 57.124521 56.821814 56.542671 56.294571 56.0752 55.880636 55.709286 55.563155 55.448224 55.375411 55.363482 55.44584 55.683487 56.175714 56.970863 57.600616 57.221151 56.334829 55.659312 55.251054 55.010032 54.864296 54.774092 54.717878 54.683398 54.662856 54.650029 54.637802 54.614847 54.560607 54.447032
54.37629 54.365768 54.352618 54.330166 54.289842 54.22029 54.107026 53.939554 53.743698 53.631563 53.726723 53.979139 54.255368 54.497368 54.707317 54.903145 55.102499 55.320492 55.570752 55.866618 56.221323 56.64563 57.139846 57.676394 58.177622 58.522189 58.610526 58.425025 58.043327 57.595184 57.176501 56.820917 56.524378 56.27198 56.051555 55.857606 55.69079 55.556331 55.463331 55.425897 55.466326 55.61862 55.919599 56.337582 56.612359 56.425265 55.946417 55.505154 55.196138 54.995042 54.865357 54.781342 54.726985 54.692311 54.670634 54.656667 54.645013 54.62883 54.599868 54.55619
54.256998 54.249557 54.241169 54.222474 54.18236 54.105627 53.968237 53.737622 53.417063 53.189607 53.333668 53.721756 54.088684 54.372936 54.60268 54.811532 55.024805 55.262024 55.540661 55.879149 56.298875 56.823533 57.470419 58.221103 58.962875 59.484224 59.655532 59.400283 58.789135 58.110811 57.541728 57.104615 56.763967 56.481611 56.23369 56.011298 55.815566 55.652441 55.529727 55.456573 55.444036 55.503585 55.635946 55.79936 55.88223 55.784823 55.551516 55.299715 55.093975 54.943747 54.838771 54.766838 54.718335 54.686377 54.66599 54.653277 54.644739 54.637014 54.627862 54.619948
54.113784 54.116239 54.120869 54.114135 54.083504 54.014504 53.882822 53.647711 53.291203 53.012916 53.180031 53.615818 53.997638 54.279247 54.503605 54.710231 54.926986 55.175051 55.47381 55.84516 56.317538 56.928225 57.716896 58.684753 59.657282 60.195983 60.716278 60.627718 59.612223 58.60114 57.873612 57.37845 57.016408 56.715302 56.438985 56.179532 55.943779 55.741836 55.581697 55.468549 55.405317 55.391374 55.416802 55.453101 55.453998 55.385378 55.257925 55.111637 54.978791 54.872145 54.792013 54.734124 54.69356 54.666102 54.648446 54.638046 54.63289 54.63149 54.633382 54.640203
53.929734 53.954445 53.985399 54.000718 53.987546 53.938342 53.842 53.678097 53.445969 53.279845 53.395096 53.695882 53.981733 54.208505 54.401096 54.589922 54.799486 55.049524 55.358486 55.748231 56.249546 56.906967 57.775807 58.879517 60.007061 60.189995 62.919815 62.247016 60.288296 58.922631 58.118604 57.639928 57.304364 57.002813 56.691819 56.376935 56.08235 55.82785 55.622639 55.468039 55.360872 55.294451 55.25715 55.230824 55.194002 55.132344 55.04756 54.953502 54.864685 54.789519 54.730343 54.685988 54.65398 54.631799 54.61741 54.60938 54.606801 54.609216 54.616656 54.62975
53.675866 53.748131 53.828957 53.878683 53.885736 53.855547 53.797528 53.717531 53.628046 53.583073 53.650983 53.806598 53.975962 54.129293 54.275286 54.434891 54.628903 54.874196 55.185123 55.578568 56.080461 56.731148 57.584118 58.679162 59.964229 61.569778 64.182642 62.514257 60.249486 58.926243 58.264087 57.928677 57.694215 57.411388 57.037288 56.623539 56.235959 55.909275 55.650672 55.454297 55.310041 55.206555 55.131494 55.071591 55.014474 54.952294 54.884286 54.815363 54.751897 54.698273 54.65588 54.623864 54.600381 54.583616 54.572328 54.565997 54.564703 54.568874 54.579006 54.595439
53.307081 53.481008 53.65316 53.751133 53.772313 53.742969 53.697527 53.665249 53.658868 53.68298 53.743232 53.829971 53.921391 54.00827 54.101386 54.223299 54.396689 54.635915 54.947126 55.336059 55.816697 56.415597 57.168755 58.104543 59.214084 60.440985 61.277329 60.645379 59.442852 58.694449 58.39538 58.346105 58.334549 58.080877 57.547565 56.936246 56.398899 55.976209 55.65762 55.421241 55.246726 55.11723 55.018651 54.939049 54.869108 54.803298 54.740507 54.683048 54.634235 54.596002 54.567922 54.54781 54.533031 54.52159 54.512662 54.506616 54.504726 54.508648 54.519789 54.538771
52.791303 53.165081 53.482243 53.634041 53.649254 53.58232 53.500528 53.474733 53.526187 53.614287 53.698568 53.762847 53.802775 53.824948 53.852764 53.924207 54.074846 54.317119 54.640222 55.02959 55.482304 56.009008 56.626295 57.339817 58.113559 58.817647 59.17355 59.003852 58.668951 58.555956 58.623854 59.001657 59.528384 59.272552 58.28965 57.292904 56.538578 56.005339 55.629019 55.359562 55.163311 55.017297 54.904824 54.813304 54.733857 54.661803 54.596939 54.542456 54.502063 54.476706 54.463381 54.456781 54.451927 54.445825 54.437862 54.429546 54.423948 54.424831 54.435402 54.457128
52.296708 52.923071 53.378707 53.556102 53.528817 53.362735 53.157632 53.094743 53.241805 53.444163 53.583587 53.642253 53.631252 53.569065 53.495881 53.486187 53.615192 53.891917 54.262506 54.67507 55.109129 55.56619 56.054348 56.574067 57.100054 57.564153 57.880727 58.071541 58.350962 58.760428 58.869508 59.794312 61.65043 61.109537 59.096475 57.552574 56.580455 55.960859 55.547277 55.259642 55.053295 54.900781 54.782878 54.685044 54.597049 54.514173 54.438446 54.377864 54.341171 54.330098 54.336759 54.349069 54.357363 54.356923 54.347491 54.332293 54.317326 54.310212 54.317843 54.343443
52.360118 52.982547 53.411569 53.54554 53.442213 53.118009 52.651882 52.486377 52.850873 53.249992 53.460359 53.508317 53.429028 53.239616 52.984741 52.814123 52.930618 53.327893 53.82206 54.297079 54.729537 55.127935 55.505081 55.873569 56.244235 56.620259 57.005847 57.459544 58.125113 58.862826 58.885914 59.978237 62.593615 61.756118 59.185525 57.450175 56.434787 55.810299 55.399324 55.115331 54.913466 54.766298 54.652669 54.554143 54.456525 54.353413 54.250203 54.166567 54.1272 54.138456 54.17981 54.223262 54.250983 54.256768 54.241613 54.211241 54.176118 54.151136 54.151327 54.183879
52.983609 53.329384 53.573686 53.614478 53.448261 53.020453 52.314916 52.033832 52.62504 53.155806 53.384084 53.395772 53.231363 52.871182 52.296801 51.762152 51.902293 52.630875 53.364405 53.935243 54.374404 54.718368 54.988207 55.211 55.444199 55.764561 56.211004 56.779961 57.463353 58.080259 58.339882 58.978024 60.06301 59.653232 58.134707 56.888078 56.079351 55.54953 55.184639 54.926652 54.745341 54.619158 54.524362 54.433112 54.322106 54.180471 54.015086 53.868163 53.812376 53.871053 53.982793 54.080881 54.137619 54.149717 54.121718 54.061814 53.985668 53.921596 53.904585 53.952439
53.5978 53.729065 53.800402 53.754485 53.582224 53.246746 52.738299 52.523462 52.885525 53.23814 53.377171 53.327059 53.091115 52.594206 51.653913 50.467487 50.716692 52.025227 53.009069 53.641738 54.070062 54.352015 54.496346 54.521027 54.54036 54.779534 55.319188 55.98499 56.608106 57.082492 57.37038 57.620112 57.77523 57.44644 56.745282 56.08823 55.58919 55.208781 54.915085 54.69798 54.554353 54.475067 54.429118 54.35908 54.222686 54.010916 53.719086 53.410736 53.304136 53.485784 53.745309 53.932819 54.027664 54.043838 53.99264 53.880903 53.72429 53.572476 53.513986 53.601093
54.068644 54.107312 54.061315 53.936703 53.780185 53.617122 53.422259 53.274108 53.309719 53.401517 53.414973 53.305113 53.048269 52.581422 51.718987 50.514068 50.758762 51.998156 52.875774 53.445261 53.828893 54.043031 54.039518 53.755973 53.330498 53.412678 54.264054 55.211569 55.890798 56.29878 56.487573 56.488147 56.269569 55.855712 55.48595 55.264433 55.062909 54.830657 54.603313 54.428389 54.341661 54.361346 54.446407 54.423375 54.207635 53.88113 53.398897 52.756009 52.528939 53.006375 53.513865 53.808488 53.937721 53.951109 53.865969 53.676334 53.374563 53.023767 52.856291 53.053597
54.510519 54.550145 54.387859 54.128696 53.935602 53.882159 53.847824 53.69144 53.582172 53.533259 53.460609 53.312307 53.074061 52.759342 52.381526 51.96359 51.944677 52.382204 52.874378 53.307188 53.642236 53.811757 53.690395 53.060689 51.9009 51.69816 53.245852 54.668841 55.483021 55.868243 55.946036 55.745792 55.223587 54.51474 54.269563 54.493969 54.576232 54.447135 54.245133 54.092173 54.074939 54.267902 54.681759 54.747718 54.272444 53.813924 53.243218 52.376246 52.052674 52.768294 53.414176 53.750179 53.88496 53.884974 53.763133 53.487445 52.984605 52.251482 51.812316 52.291775
55.029378 55.21452 54.852508 54.310102 53.999116 53.967821 53.984307 53.832282 53.699706 53.606982 53.494951 53.325325 53.099492 52.883991 52.813319 52.714132 52.472141 52.503507 52.772403 53.145739 53.487365 53.674161 53.560808 52.910883 51.660372 51.409472 53.074487 54.601104 55.50973 55.926152 55.869878 55.434218 54.60307 53.446356 53.241257 53.939578 54.201666 54.067386 53.800415 53.611887 53.645522 53.968864 54.628324 54.755669 54.13509 53.7314 53.35636 52.849235 52.661562 53.069583 53.514649 53.773827 53.875796 53.854802 53.709649 53.390531 52.771906 51.73371 51.002864 51.784779
55.461497 55.942584 55.29507 54.376537 53.946859 53.885717 53.886079 53.802515 53.719099 53.636889 53.517874 53.336473 53.098203 52.881009 52.907605 52.850692 52.293432 52.135133 52.414043 52.902843 53.346866 53.618892 53.63801 53.328332 52.817059 52.855455 53.800311 54.929595 55.926964 56.576842 56.29671 55.507647 54.583932 53.58669 53.391997 53.866939 53.971113 53.671096 53.178212 52.820722 52.908214 53.248823 53.586223 53.693681 53.580011 53.530738 53.469695 53.350008 53.321267 53.483652 53.699639 53.848116 53.901567 53.860132 53.714422 53.427246 52.921456 52.170509 51.701103 52.204631
55.266022 55.620415 54.969668 54.030605 53.597827 53.579574 53.657908 53.692054 53.689691 53.645982 53.540801 53.35689 53.090978 52.774216 52.456108 51.914084 51.479054 51.128889 51.762417 52.613004 53.239198 53.621706 53.787489 53.777006 53.726323 53.903395 54.435755 55.200832 56.138465 56.927187 56.53322 55.610204 54.845937 54.262884 54.033543 54.022973 53.825112 53.267298 52.319295 51.42802 51.791674 52.447505 52.468426 52.49743 52.873941 53.2448 53.465159 53.569837 53.646039 53.749839 53.860825 53.934879 53.947576 53.890263 53.756609 53.535571 53.219371 52.86191 52.680551 52.844299
54.636314 54.567827 53.966339 53.090835 52.683762 52.950953 53.324085 53.546902 53.646929 53.656049 53.578721 53.406481 53.124577 52.703211 52.031425 51.101656 50.968365 50.041721 51.30949 52.490407 53.234499 53.681407 53.93399 54.069988 54.183277 54.382356 54.726764 55.207619 55.780488 56.191888 55.997863 55.458378 54.965895 54.592148 54.341546 54.122684 53.753597 53.038261 51.731465 50.126388 50.888722 52.03416 51.80794 51.477459 52.332058 53.025219 53.435131 53.665227 53.807121 53.910718 53.985353 54.020009 54.003575 53.931254 53.803446 53.62583 53.416214 53.219818 53.108609 53.11934
54.121459 53.800179 53.080081 51.914298 51.347503 52.187125 52.996538 53.422174 53.620877 53.684364 53.643487 53.501396 53.245393 52.844942 52.26205 51.663201 51.381542 51.134189 51.835286 52.739572 53.389374 53.809017 54.076514 54.25726 54.410633 54.588598 54.819678 55.099381 55.381426 55.546453 55.474887 55.230764 54.951018 54.69485 54.460376 54.196038 53.807286 53.173114 52.197657 51.2802 51.62995 52.120574 51.910528 51.703695 52.355792 53.034734 53.478156 53.75068 53.92336 54.034364 54.096249 54.108351 54.067663 53.974425 53.833807 53.657244 53.464659 53.284077 53.142966 53.058342
53.812289 53.399157 52.73185 51.730515 51.231661 52.058677 52.901883 53.386582 53.637296 53.742292 53.739711 53.642023 53.44881 53.1563 52.785237 52.443321 52.263318 52.30882 52.690965 53.218661 53.668716 53.995524 54.226143 54.397158 54.541673 54.685464 54.841141 55.003001 55.14333 55.215303 55.184572 55.066824 54.905147 54.726685 54.530848 54.29197 53.967463 53.519224 52.977812 52.569409 52.526409 52.533375 52.385282 52.423214 52.802252 53.254186 53.609425 53.865338 54.045611 54.162966 54.219824 54.214446 54.146732 54.020509 53.843224 53.626519 53.388421 53.151318 52.928431 52.72339
