ProjetSIG/InterpolationTIN.tif
NCOLS 301
NROWS 200
XLLCORNER 3.7807092
YLLCORNER 43.546344
DX 0.0007247564
DY 0.00072551204
NODATA_VALUE -9999
[rows 28 to 55 of 200, columns 192 to 255 of 301]
54.203031 54.130404 54.056109 53.979305 53.902501 53.825696 53.748892 53.672088 53.595284 53.51848 53.441676 53.364872 53.288068 53.211264 53.13446 53.057656 52.980852 52.904048 52.827243 52.750439 52.673635 52.596831 52.520027 52.443223 52.366419 52.289615 52.212811 52.136007 52.059203 51.982399 51.905594 51.82879 51.751986 51.675182 51.598378 51.521574 51.44477 51.367966 51.291162 51.214358 51.137554 51.06075 50.983945 50.907141 50.830337 50.753533 50.676729 50.599925 50.523121 50.446317 50.369513 50.292709 50.197181 50.101563 50.005945 50 50.251746 -9999 -9999 -9999 -9999 -9999 -9999 -9999
54.01329 53.94047 53.86765 53.79483 53.722011 53.649191 53.576371 53.503551 53.430731 53.357911 53.285092 53.212272 53.139452 53.066632 52.993812 52.920993 52.848173 52.775353 52.702533 52.629713 52.556893 52.484074 52.411254 52.338434 52.265614 52.192794 52.119974 52.04377 51.966966 51.890162 51.813358 51.736554 51.659749 51.582945 51.506141 51.429337 51.352533 51.275729 51.198925 51.122121 51.045317 50.968513 50.891709 50.813189 50.717571 50.621953 50.526335 50.430717 50.335099 50.239481 50.143862 50.048244 50 50 50 50.107653 50.320232 50.758562 50.758782 50.250105 -9999 -9999 -9999 -9999
53.754763 53.681944 53.609124 53.536304 53.463484 53.390664 53.317845 53.245025 53.172205 53.099385 53.026565 52.953745 52.880926 52.808106 52.735286 52.662466 52.589646 52.516826 52.444007 52.371187 52.298367 52.225547 52.152727 52.079908 52.007088 51.934268 51.861448 51.788628 51.715808 51.642989 51.570169 51.497349 51.424529 51.351709 51.278889 51.20607 51.13325 51.075407 51.034677 51.071576 51.005703 50.75987 50.664252 50.568634 50.473016 50.377398 50.28178 50.186162 50.090544 50 50 50 50 50 50.029369 50.241948 50.454527 50.667106 51.265378 51.566878 51.0582 50.549522 50.040844 -9999
53.496237 53.423417 53.350597 53.277778 53.204958 53.132138 53.059318 52.986498 52.913678 52.840859 52.768039 52.695219 52.622399 52.549579 52.47676 52.40394 52.33112 52.2583 52.18548 52.11266 52.039841 51.967021 51.894201 51.821381 51.748561 51.675741 51.602922 51.530102 51.457282 51.384462 51.311642 51.238823 51.197146 51.156416 51.115686 51.074956 51.034226 51.076913 51.558566 51.256708 50.919792 50.582877 50.419697 50.324079 50.228461 50.132843 50.037225 50 50 50 50 50 50 50 50.163663 50.376242 50.588821 50.8014 50.972373 51.772194 52.374974 51.866296 51.357618 50.84894
53.237711 53.164891 53.092071 53.019251 52.946431 52.873612 52.800792 52.727972 52.655152 52.582332 52.509512 52.436693 52.363873 52.291053 52.218233 52.145413 52.072593 51.999774 51.926954 51.854134 51.781314 51.708494 51.635675 51.562855 51.490035 51.417215 51.359615 51.318885 51.278155 51.237425 51.196695 51.155965 51.115235 51.074505 51.033775 51.082249 51.563903 51.844628 51.507713 51.170798 50.833882 50.496967 50.175142 50.079524 50 50 50 50 50 50 50 50 50 50.085379 50.297958 50.510537 50.723116 50.846193 50.90372 51.435301 52.279011 53.183069 52.674391 52.165713
52.979184 52.906364 52.833545 52.760725 52.687905 52.615085 52.542265 52.469445 52.396626 52.323806 52.250986 52.178166 52.105346 52.032527 51.959707 51.886887 51.814067 51.741247 51.668427 51.595608 51.522788 51.481353 51.440623 51.399893 51.359163 51.318433 51.277703 51.236973 51.196243 51.155513 51.114783 51.074053 51.033323 51.087586 51.56924 52.050893 52.095633 51.758718 51.421803 51.084887 50.747972 50.411056 50.102273 50 50 50 50 50 50 50 50 50 50.007094 50.219673 50.432252 50.644831 50.720012 50.77754 50.845395 51.21622 52.037324 52.858429 53.860202 53.482487
52.720658 52.647838 52.575018 52.502198 52.429379 52.356559 52.283739 52.210919 52.138099 52.065279 51.99246 51.91964 51.84682 51.774 51.70118 51.643822 51.603092 51.562362 51.521632 51.480902 51.440172 51.399442 51.358712 51.317982 51.277252 51.236522 51.195792 51.155062 51.114332 51.073602 51.032872 51.092923 51.574577 52.05623 52.537883 52.346638 52.009723 51.672808 51.335892 50.998977 50.681085 50.408322 50.135559 50 50 50 50 50 50 50 50 50 50.141389 50.353968 50.536305 50.593832 50.65136 50.708887 50.789399 50.999269 51.818243 52.639347 53.460452 54.367018
52.462131 52.389312 52.316492 52.243672 52.170852 52.098032 52.025212 51.952393 51.879573 51.806753 51.765561 51.724831 51.684101 51.643371 51.602641 51.561911 51.521181 51.480451 51.439721 51.398991 51.358261 51.317531 51.276801 51.236071 51.195341 51.154611 51.113881 51.073151 51.032421 51.09826 51.579914 52.061567 52.54322 52.934559 52.597644 52.260728 51.923813 51.586897 51.259896 50.987134 50.714371 50.441608 50.168846 50 50 50 50 50 50 50 50 50.063104 50.275683 50.410124 50.467652 50.525179 50.582707 50.640234 50.733403 50.943273 51.599162 52.420266 53.241371 54.062475
52.131227 52.130785 52.057965 51.985146 51.928029 51.887299 51.846569 51.805839 51.765109 51.724379 51.683649 51.642919 51.602189 51.561459 51.520729 51.479999 51.439269 51.398539 51.357809 51.317079 51.276349 51.235619 51.194889 51.154159 51.113429 51.072699 51.03197 51.103597 51.58525 52.066904 52.548557 53.03021 53.185564 52.848649 52.511733 52.174818 51.838708 51.565945 51.293183 51.02042 50.747658 50.474895 50.212017 50.027822 50 50 50 50 50 50 50 50.197399 50.283944 50.341471 50.398999 50.456526 50.514054 50.571581 50.677407 50.887277 51.38008 52.201185 53.022289 53.843394
51.792572 51.956081 52.151974 52.054479 51.895815 51.805388 51.764658 51.723928 51.683198 51.642468 51.601738 51.561008 51.520278 51.479548 51.438818 51.398088 51.357358 51.316628 51.275898 51.235168 51.194438 51.153708 51.112978 51.072248 51.031518 51.108934 51.590587 52.072241 52.553894 53.035547 53.5172 53.436569 53.099654 52.762738 52.425823 52.144757 51.871994 51.599232 51.326469 51.053707 50.780944 50.508181 50.256636 50.072441 50 50 50 50 50 50 50.100236 50.157763 50.215291 50.272818 50.330346 50.387873 50.445401 50.502928 50.621411 50.831281 51.160999 51.982104 52.803208 53.624312
51.851538 52.019121 52.226906 52.434691 52.357668 52.199004 52.04034 51.881676 51.723012 51.564348 51.519827 51.479097 51.438367 51.397637 51.356907 51.316177 51.275447 51.234717 51.193987 51.153257 51.112527 51.071797 51.031067 51.114271 51.595924 52.077578 52.559231 53.040884 53.522537 54.00419 53.687574 53.350659 53.013743 52.723569 52.450806 52.178044 51.905281 51.632518 51.359756 51.086993 50.81423 50.541468 50.301255 50.11706 50 50 50 50 50 50 50.031583 50.089111 50.146638 50.204166 50.261693 50.319221 50.376748 50.434276 50.565415 50.775285 50.985155 51.763022 52.584127 53.405231
51.910503 52.094053 52.301838 52.509623 52.717408 52.660858 52.502194 52.34353 52.184866 52.026201 51.867537 51.708873 51.550209 51.391545 51.274996 51.234266 51.193536 51.152806 51.112076 51.071346 51.030616 51.119608 51.601261 52.082915 52.564568 53.046221 53.527874 54.009527 54.275495 53.938579 53.601664 53.302381 53.029618 52.756855 52.484093 52.21133 51.938567 51.665805 51.393042 51.12028 50.847517 50.574754 50.345874 50.161679 50 50 50 50 50 50 50 50.020458 50.077985 50.135513 50.19304 50.250568 50.308095 50.365623 50.50942 50.719289 50.929159 51.543941 52.365045 53.18615
51.969468 52.168986 52.37677 52.584555 52.79234 53.000125 52.964047 52.805383 52.646719 52.488055 52.329391 52.170727 52.012063 51.853398 51.694734 51.53607 51.377406 51.218742 51.060078 51.124945 51.606598 52.088251 52.569905 53.051558 53.533211 54.014864 54.496518 54.5265 54.189584 53.881192 53.60843 53.335667 53.062904 52.790142 52.517379 52.244617 51.971854 51.699091 51.426329 51.153566 50.880803 50.608041 50.390493 50.206298 50.022103 50 50 50 50 50 50 50 50.009332 50.06686 50.124387 50.181915 50.239442 50.29697 50.453424 50.663293 50.873163 51.32486 52.145964 52.967069
52.036133 52.243918 52.451703 52.659488 52.867273 53.075057 53.282842 53.267237 53.108572 52.949908 52.791244 52.63258 52.473916 52.315252 52.156588 51.997924 52.251989 53.167637 53.485511 52.726128 52.575242 53.056895 53.538548 54.020201 54.501855 54.983508 54.777505 54.460004 54.187241 53.914479 53.641716 53.368954 53.096191 52.823428 52.550666 52.277903 52.00514 51.732378 51.459615 51.186853 50.91409 50.641327 50.435112 50.250917 50.066722 50 50 50 50 50 50 50 50 50 50.055734 50.113262 50.17079 50.228317 50.397428 50.607297 50.817167 51.105778 51.926883 52.747987
52.111065 52.31885 52.526635 52.73442 52.942205 53.14999 53.357775 53.56556 53.570426 53.411762 53.253098 53.094434 52.93577 53.418844 54.334492 55.250141 56.165789 56.199035 56.113731 55.104322 53.932736 54.025538 54.507191 54.988845 55.365425 55.038816 54.766053 54.49329 54.220528 53.947765 53.675003 53.40224 53.129477 52.856715 52.583952 52.31119 52.038427 51.765664 51.492902 51.220139 50.947376 50.674614 50.479731 50.295536 50.111341 50 50 50 50 50 50 50 50 50 50 50.044609 50.102137 50.159664 50.341432 50.551301 50.761171 50.97104 51.707802 52.528906
52.185997 52.393782 52.601567 52.809352 53.017137 53.224922 53.432707 53.640492 53.848277 53.873615 54.585699 55.501347 56.416996 57.332644 58.248293 58.997864 58.91256 58.827255 58.654103 57.482516 56.31093 55.139343 55.475835 55.617627 55.344865 55.072102 54.79934 54.526577 54.253814 53.981052 53.708289 53.435526 53.162764 52.890001 52.617239 52.344476 52.071713 51.798951 51.526188 51.253425 50.980663 50.708545 50.52435 50.340155 50.15596 50 50 50 50 50 50 50 50 50 50 50 50.033484 50.091011 50.285436 50.495305 50.705175 50.915045 51.48872 52.309825
52.210501 52.419039 52.627577 52.836115 53.044653 53.253191 53.461729 53.670267 53.878805 53.772711 54.366255 55.155167 55.944079 56.73299 57.521902 58.311319 59.252571 60.193823 60.491945 59.191384 57.890823 56.590261 55.812641 55.627032 55.378151 55.105389 54.832626 54.559863 54.287101 54.014338 53.741576 53.468813 53.19605 52.923288 52.650525 52.377762 52.105 51.832237 51.559475 51.286712 51.013949 50.753164 50.568969 50.384774 50.200579 50.016384 50 50 50 50 50 50 50 50 50 50 50 50.022358 50.22944 50.43931 50.649179 50.859049 51.269639 51.88825
52.233111 52.441649 52.650187 52.858725 53.067263 53.275801 53.484339 53.692877 53.723485 53.564092 53.554186 54.343098 55.13201 55.920921 56.709833 57.498745 58.416694 59.357946 59.501561 58.201 56.900439 55.599877 55.362892 55.200429 55.014819 54.829209 54.6436 54.45799 54.27238 54.047625 53.774862 53.502099 53.229337 52.956574 52.683812 52.411049 52.138286 51.865524 51.592761 51.319998 51.047236 50.797783 50.613588 50.429393 50.245198 50.061003 50 50 50 50 50 50 50 50 50 50 50 50 50.183409 50.392119 50.600829 50.776289 50.733404 50.958395
53.051583 52.464259 52.672797 52.881335 53.089873 53.298411 53.506949 53.674259 53.514866 53.355473 53.19608 53.531029 54.319941 55.108852 55.897764 56.686676 57.580817 58.522069 58.511177 57.210616 55.910055 54.881714 54.874986 54.773827 54.588217 54.402607 54.216997 54.031387 53.845777 53.660167 53.474558 53.288948 53.103338 52.917728 52.717098 52.444335 52.171573 51.89881 51.626048 51.353285 51.080522 50.842402 50.658207 50.474012 50.289817 50.105622 50.030083 50.078873 50.076386 50.065534 50.054683 50.043831 50.03298 50.022128 50.011277 50.000425 50 50 50.132209 50.089324 50.046439 50.003554 50.018595 50.038871
54.149415 52.486869 52.695407 52.903945 53.112483 53.321021 53.529559 53.46564 53.306247 53.146854 52.987462 52.828069 53.507872 54.296783 55.085695 55.874607 56.74494 57.686192 57.520793 56.220232 54.919671 54.393809 54.387081 54.347224 54.161614 53.976004 53.790395 53.604785 53.419175 53.233565 53.047955 52.862345 52.676735 52.491126 52.305516 52.119906 51.934296 51.748686 51.563076 51.377467 51.113809 50.887021 50.791392 50.760097 50.728803 50.697509 50.214025 50.179674 50.197474 50.186622 50.175771 50.164919 50.154068 50.143216 50.132365 50.121513 50.110662 50.202869 50.302836 50.323112 50.343388 50.363663 50.383939 50.538068
54.890669 52.794051 52.718017 52.926555 53.135093 53.343631 53.416414 53.257021 53.097628 52.938236 52.778843 52.61945 52.695802 53.484714 54.273626 55.062537 55.909063 56.850315 56.530409 55.229848 53.929287 53.905904 53.899176 53.892448 53.735012 53.549402 53.363792 53.178182 52.992572 52.806963 52.621353 52.435743 52.250133 52.064523 51.878913 51.693303 51.507694 51.322084 51.136474 50.950864 51.093226 51.451142 51.419848 51.388554 51.357259 51.206369 50.643844 50.280474 50.318562 50.30771 50.296859 50.286007 50.275156 50.264304 50.253453 50.242601 50.3342 50.557438 50.66818 50.688456 50.708732 50.729007 50.902704 51.247231
55.42606 53.891883 52.740627 52.949165 53.157703 53.366241 53.207795 53.048402 52.88901 52.729617 52.570224 52.410831 52.251438 52.672645 53.461557 54.250468 55.073186 56.014438 55.540025 54.239464 53.424727 53.417999 53.411271 53.404543 53.308409 53.122799 52.93719 52.75158 52.56597 52.38036 52.19475 52.00914 51.82353 51.637921 51.452311 51.266701 51.081091 50.895481 50.906187 51.129371 51.513986 52.079598 52.048304 52.01701 51.985715 51.636188 51.073662 50.511137 50.430065 50.428798 50.417947 50.407095 50.396244 50.385392 50.374541 50.465531 50.688769 50.912008 51.033524 51.0538 51.074075 51.267339 51.611866 51.956393
55.96145 54.989714 52.763237 52.971775 53.180313 53.158569 52.999176 52.839784 52.680391 52.520998 52.361605 52.202212 52.04282 51.883427 52.649488 53.438399 54.237309 55.178561 54.549641 53.24908 52.936821 52.930094 52.923366 52.916638 52.881807 52.696197 52.510587 52.324977 52.139367 51.953758 51.768148 51.582538 51.396928 51.211318 51.025708 50.840098 50.719147 50.942331 51.165516 51.3887 51.993073 52.708054 52.67676 52.645466 52.614172 52.066007 51.503481 50.940956 50.530865 50.549886 50.539035 50.528183 50.517332 50.50648 50.596863 50.820101 51.043339 51.266577 51.398868 51.419144 51.631975 51.976502 52.321028 52.665555
56.49684 56.087546 53.63435 52.994385 53.109343 52.94995 52.790558 52.631165 52.471772 52.312379 52.152986 51.993594 51.834201 51.674808 51.837418 52.62633 53.415242 54.342684 53.559257 52.455644 52.448916 52.442188 52.43546 52.428733 52.422005 52.269594 52.083985 51.898375 51.712765 51.527155 51.341545 51.155935 50.970326 50.784716 50.599106 50.755291 50.978476 51.20166 51.424844 51.753529 52.47216 53.190791 53.305216 53.273922 53.058351 52.495825 51.9333 51.370775 50.808249 50.670974 50.660123 50.649271 50.63842 50.728194 50.951432 51.17467 51.397908 51.621147 51.764212 51.99661 52.341137 52.685664 53.030191 53.374718
57.032231 57.185378 54.732182 53.016995 52.900724 52.741332 52.581939 52.422546 52.263153 52.10376 51.944368 51.784975 51.625582 51.466189 51.306796 51.814261 52.603173 53.506807 52.568873 51.967739 51.961011 51.954283 51.947555 51.940827 51.9341 51.842992 51.657382 51.471772 51.286162 51.100553 50.914943 50.729333 50.543723 50.568252 50.791436 51.01462 51.237805 51.460989 51.684173 52.232616 52.951247 53.669879 53.933672 53.902378 53.48817 52.925644 52.363119 51.800593 51.238068 50.781256 50.781211 50.770359 50.859526 51.082764 51.306002 51.52924 51.752478 52.695006 52.281609 52.106149 52.37814 52.650131 52.922122 53.194113
57.35154 57.817899 55.411709 53.088432 52.827531 52.557905 52.37332 52.213927 52.054534 51.895142 51.735749 51.576356 51.416963 51.25757 51.098177 51.002192 51.791104 52.67093 51.578489 51.479834 51.473106 51.466378 51.45965 51.452922 51.446194 51.41639 51.23078 51.04517 50.85956 50.67395 50.48834 50.381212 50.604396 50.82758 51.050765 51.273949 51.497134 51.720318 51.993072 52.711703 53.430335 54.148966 54.562129 54.480514 53.917988 53.355463 52.792938 52.230412 51.667887 51.105362 50.902299 50.990857 51.214095 51.793827 53.220996 54.648164 56.075332 55.56153 54.386293 53.211056 52.035818 51.862218 52.134209 52.406201
57.540081 57.737743 54.329837 53.275918 53.038402 52.768775 52.499149 52.229523 51.959896 51.69027 51.52713 51.367737 51.208344 51.048951 50.889559 50.730166 50.979035 51.835053 50.998656 50.991928 50.985201 50.978473 50.971745 50.965017 50.958289 50.951561 50.804177 50.618567 50.432958 50.247348 50.417356 50.640541 50.863725 51.086909 51.310094 51.533278 51.756462 51.979647 52.472159 53.190791 53.909422 54.628053 55.190585 54.910333 54.347807 53.785282 53.222757 52.660231 52.097706 51.665838 52.082981 53.746985 55.174154 56.601322 58.02849 59.455658 58.841451 57.666214 56.490977 55.315739 54.140502 52.965265 51.790028 51.618288
57.728622 56.359852 53.721542 53.463403 53.240353 52.979646 52.71002 52.440393 52.170767 51.901141 51.631514 51.361888 51.092262 50.840333 50.68094 50.521547 50.362154 50.898283 50.510751 50.504023 50.497295 50.490568 50.48384 50.477112 50.470384 50.463656 50.377575 50.191965 50.230316 50.453501 50.676685 50.89987 51.123054 51.346238 51.569423 51.792607 52.015791 52.238976 52.951247 53.669878 54.388509 55.10714 55.819041 55.340152 54.973912 54.842708 54.711505 54.580301 54.449097 54.317893 55.367124 57.203266 59.039409 60.875551 62.711694 62.121372 60.946135 59.770897 58.59566 57.420423 56.245186 55.069949 53.894711 52.719474
