ProjetSIG/InterpolationIDW.tif
NCOLS 301
NROWS 200
XLLCORNER 3.7807092
YLLCORNER 43.546344
DX 0.0007247564
DY 0.00072551204
NODATA_VALUE -9999
[rows 104 to 129 of 200, columns 120 to 179 of 301]
54.844155 54.885057 54.929355 55.000756 55.13606 55.376457 55.685982 55.686727 55.068202 54.541238 54.514607 54.698149 54.879725 54.981418 54.967822 54.833705 54.610488 54.370066 54.460155 55.022756 55.633385 56.063165 56.290605 56.393373 56.638861 57.233443 57.912694 58.310837 58.154305 57.126703 55.421547 55.486809 56.818229 57.513847 57.768719 57.84845 57.843724 57.787611 57.699543 57.593456 57.479342 57.363993 57.251299 57.142001 57.032791 56.914543 56.769051 56.562443 56.230245 55.641677 54.526708 52.514783 50.582459 51.760322 53.914012 55.091267 55.551709 55.607542 55.397864 55.022625
54.835752 54.846192 54.858839 54.899673 55.014056 55.260771 55.702066 56.326131 56.293012 55.513197 55.102929 55.035508 55.095216 55.16429 55.191353 55.166685 55.116836 55.107878 55.235848 55.518553 55.858233 56.169137 56.425643 56.656029 56.931922 57.28859 57.646325 57.863046 57.810341 57.435397 56.960589 56.905802 57.236363 57.527028 57.671105 57.714845 57.699283 57.646936 57.571693 57.483539 57.389826 57.295522 57.203115 57.112212 57.018637 56.9127 56.775972 56.574791 56.245598 55.659805 54.552295 52.56192 50.656734 51.822043 53.95669 55.118631 55.554182 55.557069 55.225939 54.594953
54.800165 54.771124 54.72711 54.696357 54.751216 55.026405 55.781665 57.415951 57.578171 56.019177 55.377023 55.230663 55.25627 55.324721 55.38456 55.42279 55.450966 55.496325 55.588101 55.740498 55.949781 56.193369 56.438974 56.675484 56.916323 57.166741 57.396915 57.551308 57.581312 57.487313 57.359606 57.328443 57.407165 57.504936 57.5635 57.576202 57.553228 57.505287 57.441112 57.367823 57.291097 57.214985 57.141555 57.070388 56.997671 56.91453 56.804275 56.63804 56.367228 55.910436 55.148222 54.052091 53.240158 53.695569 54.735817 55.440356 55.710299 55.637771 55.26111 54.607351
54.740244 54.663363 54.526448 54.341314 54.204913 54.358709 55.046142 56.19396 56.399924 55.658492 55.316036 55.278694 55.352001 55.450604 55.540872 55.61162 55.660312 55.68391 55.682484 55.700913 55.840702 56.100585 56.369582 56.598117 56.798713 56.98729 57.158809 57.29112 57.363458 57.377111 57.36367 57.36352 57.388663 57.420388 57.437965 57.433233 57.407126 57.364032 57.309195 57.247895 57.185025 57.124586 57.069168 57.01948 56.973444 56.924242 56.857435 56.748499 56.563378 56.264959 55.835095 55.345964 55.054493 55.196328 55.58997 55.904027 55.996563 55.855426 55.506853 55.027103
54.667559 54.544407 54.281782 53.816306 53.183307 52.962031 53.622541 54.315517 54.675177 54.855217 55.037133 55.227607 55.401672 55.550234 55.671275 55.761376 55.805894 55.761841 55.551997 55.23805 55.350589 55.872285 56.26948 56.495517 56.647851 56.785807 56.923709 57.048416 57.142712 57.201638 57.235017 57.257871 57.278076 57.293384 57.297835 57.287662 57.262546 57.224581 57.177274 57.125014 57.072641 57.024777 56.985385 56.957885 56.944368 56.94227 56.938867 56.906624 56.80967 56.629047 56.387572 56.158384 56.049773 56.122612 56.301967 56.432261 56.400036 56.181657 55.814221 55.371181
54.602666 54.457185 54.087265 53.304161 51.780569 50.672813 52.175541 52.592849 52.963157 53.971753 54.715125 55.160154 55.443844 55.643257 55.793029 55.902157 55.950488 55.851282 55.330892 54.028555 54.19018 55.66373 56.251532 56.416938 56.478702 56.556466 56.67535 56.807008 56.920805 57.005144 57.063163 57.103004 57.130601 57.147398 57.15215 57.143622 57.121967 57.088843 57.047202 57.001265 56.956181 56.916858 56.888307 56.879363 56.902434 56.965671 57.060719 57.142719 57.132352 57.000175 56.817087 56.678755 56.654419 56.76891 56.966673 57.088467 56.970077 56.617233 56.11946 55.479786
54.571227 54.446036 54.067868 53.266189 51.752656 50.657565 51.838202 50.719098 51.04582 53.321087 54.556492 55.172927 55.521472 55.749739 55.919599 56.053708 56.143826 56.121416 55.720481 54.28254 54.595641 56.194604 56.44796 56.379088 56.261115 56.251346 56.384622 56.5561 56.700476 56.806164 56.881038 56.935073 56.974288 56.999978 57.011052 57.006951 56.988854 56.959261 56.921722 56.881487 56.844854 56.812833 56.782327 56.773425 56.827906 56.979952 57.242867 57.546727 57.643168 57.432972 57.172373 57.034158 57.066526 57.300252 57.722869 58.065675 57.845065 57.203393 56.500446 55.647829
54.597157 54.523308 54.229329 53.66967 52.900984 52.41118 52.346677 51.604356 51.92253 53.688406 54.777454 55.341142 55.663426 55.880328 56.053213 56.21232 56.373376 56.539379 56.750417 57.584054 58.958972 57.610813 56.724733 56.443906 55.917802 55.73595 56.015953 56.296659 56.48782 56.612843 56.700526 56.769287 56.825738 56.866899 56.887243 56.885985 56.867632 56.838049 56.803235 56.773456 56.766241 56.770132 56.705972 56.626627 56.677801 56.932529 57.450151 58.202368 58.475601 57.926741 57.448121 57.265078 57.337264 57.712536 58.522751 59.43114 59.007016 57.847767 56.998599 56.316521
54.691585 54.669906 54.477519 54.092003 53.450109 52.328277 51.632423 53.164091 54.143939 54.870838 55.36401 55.664677 55.868443 56.031435 56.184625 56.352509 56.564396 56.837305 57.108342 58.529642 60.541699 58.171804 56.75844 56.971971 54.622845 54.769705 55.615396 56.064766 56.294993 56.426795 56.522067 56.612154 56.70236 56.773792 56.804584 56.795392 56.764031 56.725584 56.689197 56.674064 56.742724 56.915677 56.741836 56.388794 56.359204 56.705637 57.427141 58.513131 58.907415 58.123633 57.556652 57.371129 57.458976 57.862088 58.751623 59.807468 59.341444 58.136745 57.435449 57.167576
54.84082 54.86034 54.7645 54.516554 53.923668 52.215402 50.558134 55.07009 56.688793 56.398282 56.137099 56.070567 56.105599 56.188413 56.30173 56.450157 56.653852 56.907761 57.007225 57.509962 58.120942 57.42725 56.535821 55.718284 53.563755 54.432522 55.464536 55.923177 56.128512 56.237244 56.331568 56.463392 56.63885 56.786604 56.821954 56.763962 56.684747 56.618868 56.569372 56.54607 56.619702 56.841939 56.496719 55.757052 55.647521 56.165954 56.957472 57.779777 58.09203 57.775118 57.470072 57.366549 57.448027 57.735667 58.256589 58.733772 58.538927 57.979362 57.676782 57.821037
55.0122 55.068029 55.071364 55.022194 54.908146 54.872404 56.934852 62.745773 60.888765 58.045151 56.868861 56.449817 56.329121 56.333601 56.399489 56.507406 56.656065 56.831191 56.971825 57.119511 57.176124 56.888253 56.385126 55.757126 55.141257 55.228915 55.62087 55.862705 55.965802 56.010588 56.083992 56.297054 56.713929 57.106186 57.093115 56.837741 56.629247 56.508782 56.435315 56.370735 56.287797 56.075042 55.261403 53.975065 54.072076 55.294147 56.339601 57.024877 57.344658 57.372051 57.315338 57.300625 57.365427 57.522547 57.748518 57.916999 57.879683 57.7378 57.740135 58.1132
55.172842 55.261936 55.350935 55.483684 55.798743 56.795885 60.003898 64.880861 62.209307 58.721415 57.255896 56.697087 56.498588 56.453647 56.480776 56.547104 56.63797 56.737926 56.821323 56.863437 56.819471 56.643036 56.358513 56.030325 55.772067 55.707355 55.759609 55.789894 55.759027 55.69024 55.669534 55.955067 56.992482 58.290017 57.898687 57.009616 56.557757 56.370613 56.283997 56.196599 55.997403 55.448138 53.905074 50.978875 51.763313 54.574074 55.974948 56.658891 57.001461 57.146623 57.197552 57.225713 57.267693 57.336318 57.420711 57.484297 57.502874 57.523584 57.653575 58.02893
55.299972 55.415238 55.555703 55.771365 56.184764 57.06437 58.729276 60.307199 59.665151 58.159411 57.222764 56.781185 56.599367 56.544351 56.551148 56.588046 56.637891 56.687148 56.720072 56.717808 56.659868 56.534997 56.355416 56.155088 55.97933 55.854673 55.75652 55.639236 55.473133 55.232817 54.91311 54.848408 56.552539 59.873702 58.571856 56.959433 56.357119 56.154406 56.098228 56.057086 55.898273 55.41383 54.189415 52.079683 53.015078 55.185229 56.124741 56.629546 56.919689 57.073151 57.143917 57.171499 57.180221 57.182365 57.18337 57.189303 57.216097 57.292156 57.452877 57.736186
55.381544 55.515722 55.675238 55.893482 56.231105 56.762909 57.464624 57.980615 57.887143 57.418224 57.002811 56.758566 56.646259 56.611591 56.616767 56.638966 56.664297 56.682608 56.684035 56.657866 56.594373 56.489496 56.348669 56.185167 56.012308 55.831971 55.630905 55.393835 55.106683 54.69626 53.878865 52.276685 52.669532 56.565019 56.989911 56.312647 55.922096 55.787118 55.825961 55.921116 55.938711 55.786447 55.527569 55.903038 57.181948 56.711998 56.616366 56.816451 56.998653 57.107123 57.151353 57.147785 57.106777 57.034037 56.942495 56.870682 56.877495 56.989681 57.179119 57.404463
55.413322 55.565444 55.72766 55.918425 56.160881 56.464767 56.787172 57.010258 57.037662 56.921588 56.78611 56.698968 56.665426 56.667169 56.684895 56.704667 56.7175 56.717177 56.698243 56.655122 56.582777 56.478315 56.341656 56.173492 55.970485 55.720817 55.407968 55.031983 54.633114 54.206069 53.371573 51.313015 51.003287 54.135205 55.398252 55.470197 55.240068 55.133534 55.35821 55.719787 55.993734 56.147533 56.34174 57.014953 57.816625 57.294236 57.035197 57.0918 57.177989 57.220035 57.212241 57.156512 57.046353 56.867108 56.618082 56.378615 56.333938 56.547152 56.852203 57.107087
55.397023 55.574417 55.736061 55.898007 56.072055 56.256124 56.426928 56.54764 56.599789 56.606787 56.610479 56.634123 56.675964 56.723275 56.763965 56.790309 56.79833 56.786002 56.75167 56.693198 56.607886 56.492641 56.34333 56.15233 55.903961 55.569056 55.10488 54.487432 53.845925 53.531044 53.409341 52.96701 53.078224 54.097294 54.756265 54.7781 54.246254 53.858261 54.538317 55.430818 56.022917 56.391023 56.689235 57.040928 57.322535 57.363227 57.392513 57.437547 57.441154 57.399797 57.321822 57.201049 57.009135 56.689259 56.170871 55.542359 55.374058 55.901032 56.496511 56.866437
55.344809 55.556868 55.715964 55.852745 55.982678 56.10232 56.195924 56.253325 56.289204 56.340756 56.433784 56.558314 56.685064 56.790505 56.863853 56.903108 56.910271 56.888313 56.839536 56.764785 56.663095 56.531274 56.362672 56.144179 55.850131 55.430409 54.787844 53.757673 52.34901 51.926652 52.939146 53.513328 53.811033 54.168992 54.440089 54.317269 53.244806 52.129117 53.686439 55.250152 56.118584 56.627056 56.982802 57.293864 57.583823 57.831665 57.972234 57.946281 57.809729 57.64395 57.47633 57.287949 57.025217 56.583876 55.783025 54.601707 54.231552 55.282139 56.231756 56.708915
55.292079 55.529624 55.669411 55.775856 55.878402 55.962842 55.994686 55.962002 55.916091 55.966494 56.166106 56.441108 56.694174 56.88118 56.997743 57.053437 57.059836 57.026764 56.961291 56.8675 56.746341 56.595205 56.406627 56.16522 55.840915 55.373313 54.631994 53.321339 51.071202 50.249329 52.406582 53.384833 53.667679 53.8282 54.070564 54.186579 53.598633 52.962103 54.133585 55.527122 56.426434 56.982638 57.372885 57.773258 58.300008 58.865904 59.066675 58.758078 58.305627 57.938351 57.662655 57.417994 57.125128 56.670033 55.884474 54.787926 54.455054 55.381901 56.247354 56.674227
55.297753 55.504128 55.571258 55.620506 55.722492 55.812955 55.778899 55.556751 55.237726 55.197053 55.644628 56.244414 56.715867 57.01792 57.185566 57.255914 57.256468 57.206426 57.11868 57.001033 56.856773 56.684657 56.478059 56.222726 55.891901 55.436082 54.762819 53.720329 52.333568 51.914484 52.76479 53.016121 53.075354 52.951647 53.354517 54.10468 54.389633 54.558878 55.231968 56.188909 57.034312 57.572087 57.876541 58.333136 59.309352 60.753439 61.126125 59.950711 58.86106 58.222173 57.845749 57.57383 57.300755 56.937283 56.416046 55.840873 55.67261 56.064054 56.522409 56.769032
55.398188 55.477186 55.341808 55.239461 55.440544 55.656495 55.574469 54.988999 53.839998 53.378924 54.649847 55.996993 56.808745 57.24483 57.456906 57.52975 57.511965 57.433684 57.314195 57.165287 56.99284 56.797488 56.574526 56.312984 55.993847 55.588029 55.059062 54.39437 53.722135 53.329171 52.914772 51.902574 52.21131 52.098172 52.704609 54.043537 54.800279 55.333176 56.004507 56.935902 58.014164 58.5973 58.478243 58.741706 60.090681 62.818328 63.508822 60.922577 59.1823 58.37269 57.970666 57.72206 57.507704 57.263922 56.972828 56.703975 56.607027 56.717744 56.883616 56.961328
55.585468 55.482889 54.927729 54.380123 55.003412 55.559656 55.510429 54.581544 52.019978 50.450228 53.635504 55.999102 57.109097 57.628665 57.849014 57.897036 57.839047 57.714876 57.54971 57.359034 57.151154 56.928589 56.688733 56.424058 56.122449 55.769202 55.354305 54.889478 54.418309 53.925033 53.07962 51.561692 52.003511 52.863533 53.405726 54.353348 55.103779 55.727832 56.443062 57.480075 59.027286 59.873184 58.981328 58.801638 59.814544 61.796065 62.262543 60.357003 58.930568 58.27767 57.989955 57.832681 57.707312 57.574466 57.428618 57.299389 57.23274 57.235137 57.253835 57.223278
55.879944 55.707022 54.966478 54.202039 54.999967 55.672573 55.717745 55.019657 53.135503 52.110729 54.646822 56.725517 57.760135 58.233128 58.39765 58.378797 58.24905 58.054588 57.825088 57.578787 57.325716 57.069762 56.809875 56.540797 56.253975 55.939771 55.592111 55.214186 54.815286 54.383092 53.846003 53.265467 53.319184 53.775442 54.245546 54.812948 55.380872 55.946332 56.601239 57.49473 58.713387 59.357631 58.758707 58.527434 58.972111 59.677022 59.756145 58.974986 58.21705 57.925489 57.893033 57.898823 57.890821 57.865054 57.824534 57.778401 57.736977 57.69803 57.642256 57.545089
56.342762 56.272546 55.773076 55.423049 55.666835 56.010045 56.110927 55.925345 55.56628 55.725004 56.861343 58.046227 58.769182 59.086817 59.127809 58.990914 58.749242 58.453681 58.136705 57.817684 57.507122 57.209381 56.924195 56.647284 56.370695 56.083744 55.774813 55.43289 55.049524 54.642929 54.336617 54.225702 54.269858 54.475038 54.765516 55.124782 55.550263 56.032064 56.572705 57.189246 57.81964 58.156052 58.089021 58.052753 58.237447 58.476475 58.446408 57.981388 57.391511 57.408047 57.73509 57.951262 58.079922 58.168198 58.229746 58.260826 58.251759 58.194224 58.085804 57.930705
56.825175 56.835961 56.334929 56.139058 56.208377 56.361311 56.452861 56.487158 56.680444 57.394271 58.561974 59.553081 60.059738 60.191789 60.055328 59.742232 59.340078 58.907123 58.475956 58.064393 57.681581 57.33131 57.013706 56.725126 56.456899 56.194457 55.917249 55.596387 55.184609 54.613889 54.083559 54.335703 54.668394 54.821027 54.927633 55.133312 55.520128 55.998632 56.476125 56.914984 57.267804 57.456387 57.483462 57.494742 57.615793 57.801199 57.863091 57.604919 57.094899 57.198278 57.704149 58.064026 58.318497 58.533366 58.720465 58.85371 58.892587 58.814886 58.635943 58.395857
56.618646 56.679105 56.498019 56.460843 56.527263 56.603156 56.589785 56.391652 56.233213 57.468101 59.883268 61.240497 61.578315 61.564743 61.202791 60.632753 60.011264 59.401739 58.827994 58.302205 57.829786 57.41282 57.052581 56.748056 56.490836 56.26128 56.029312 55.754668 55.377307 54.820459 54.30385 54.553686 54.893225 54.860151 54.562332 54.578047 55.199195 55.871314 56.382189 56.745629 56.965936 57.016664 56.900187 56.765328 56.885932 57.248337 57.555547 57.61786 57.493027 57.582492 57.932303 58.298715 58.649923 59.016433 59.390581 59.696985 59.81727 59.687605 59.364441 58.96385
56.334526 56.494215 56.569563 56.656844 56.740099 56.756204 56.584644 55.760893 53.137848 54.761138 61.280883 62.875745 63.222917 63.383734 62.624396 61.636261 60.735314 59.914819 59.171062 58.508715 57.92611 57.421434 57.00003 56.671489 56.433437 56.258251 56.100713 55.914614 55.661618 55.339977 55.096887 55.119595 55.141836 54.743315 53.663793 53.402899 54.742532 55.765575 56.342708 56.668104 56.799408 56.681981 56.192839 55.504199 55.659811 56.593957 57.318148 57.681436 57.840325 58.005452 58.277749 58.636417 59.085272 59.661135 60.359353 61.020151 61.3068 61.020683 60.361947 59.647371
