ProjetSIG/InterpolationTIN.tif
NCOLS 301
NROWS 200
XLLCORNER 3.7807092
YLLCORNER 43.546344
DX 0.0007247564
DY 0.00072551204
NODATA_VALUE -9999
[rows 112 to 139 of 200, columns 64 to 127 of 301]
55.099245 55.463105 55.826965 56.190825 56.554685 56.918545 57.282405 55.965179 54.40532 52.845462 51.285603 50.319855 50.722739 51.125623 51.528507 51.930514 52.32581 52.721107 53.116404 52.752012 52.204684 52.047537 51.89039 51.733243 51.576095 51.384176 51.423625 51.463074 51.502524 51.541973 51.581423 51.620872 51.660322 51.758217 51.909941 52.061664 52.213387 52.113213 51.989212 51.865211 51.741209 50.970287 51.460863 51.951439 52.442016 52.932592 53.537745 53.25444 52.971136 52.687831 52.404527 52.121222 52 51.825703 51.618084 51.410466 51.202847 50.995228 50.779948 50.564245 50.348543 50.13284 50 54.350796
54.376008 54.739868 55.103728 55.467588 55.831448 56.195308 56.559168 56.245261 54.685402 53.125544 51.565685 50.332594 50.735478 51.138362 51.541246 51.94413 52.347014 52.745733 53.011481 52.60307 52.445923 52.288776 52.131628 51.974481 51.817334 51.531616 51.541156 51.580606 51.620055 51.659505 51.698954 51.738404 51.777853 51.899512 52.051236 52.202959 52.354682 52.356013 52.232011 52.10801 51.984009 50.878848 51.369424 51.860001 52.350577 52.899095 53.280893 52.997588 52.714284 52.430979 52.147675 52 52 51.836837 51.629218 51.4216 51.213981 51.006362 50.798743 50.591124 50.383506 50.175887 52.147741 58.458512
53.652772 54.016632 54.380492 54.744352 55.108212 55.472072 55.835932 56.199792 54.965484 53.405626 51.845767 50.345333 50.748217 51.151101 51.553985 51.956869 52.359753 52.762637 53.001456 52.844309 52.687161 52.530014 52.372867 52.215719 52.058572 51.808921 51.658688 51.698137 51.737587 51.777036 51.816486 51.855935 51.895384 52.040807 52.192531 52.344254 52.495977 52.598812 52.474811 52.35081 52.226808 50.787409 51.277985 51.768562 52.259138 53.11302 53.024041 52.740736 52.457432 52.174127 52 52 52 51.847971 51.640352 51.432734 51.225115 51.017496 50.809877 50.602258 50.39464 52.272442 57.222094 62.566228
52.929535 53.293395 53.657255 54.021115 54.384975 54.748835 55.112695 55.476555 55.245566 53.685708 52.125849 50.565991 50.760956 51.16384 51.566724 51.969608 52.372492 52.726742 52.662047 53.085547 52.9284 52.771252 52.614105 52.456958 52.299811 52.086227 51.776219 51.815669 51.855118 51.894568 51.934017 51.973466 52.030379 52.182102 52.333826 52.485549 52.637272 52.788996 52.71761 52.593609 52.416995 50.69597 51.186547 51.677123 52.228401 53.050493 52.767189 52.483884 52.200579 52 52 52 52 51.859105 51.651486 51.443868 51.236249 51.02863 50.821011 50.613392 52.397143 57.346795 62.296447 65.522851
52.536578 52.570159 52.934019 53.297879 53.661739 54.025599 54.389459 54.753319 55.117179 53.96579 52.405931 50.846073 50.773695 51.176579 51.579463 51.982347 52.385231 52.342251 52.194237 52.82873 53.169638 53.012491 52.855344 52.698196 52.541049 52.363532 52.036463 51.9332 51.97265 52.012099 52.051548 52.090998 52.171674 52.323397 52.475121 52.626844 52.778567 52.930291 52.96041 52.836409 52.384694 50.604531 51.095108 51.585684 52.442326 52.793641 52.510336 52.227032 52 52 52 52 52 51.870239 51.66262 51.455002 51.247383 51.039764 50.832145 52.521844 57.471496 62.421148 63.945127 63.996814
52.686294 52.4659 52.245505 52.574642 52.938502 53.302362 53.666222 54.030082 54.393942 54.245872 52.686013 51.126155 50.786434 51.189318 51.592202 51.995086 52.31639 51.957761 51.726426 52.36092 52.995414 53.253729 53.096582 52.939435 52.782288 52.62514 52.313768 52.050732 52.090181 52.12963 52.16908 52.208529 52.312969 52.464693 52.616416 52.768139 52.919862 53.071586 53.203209 53.079208 52.352393 50.513093 51.003669 51.557706 52.656251 52.536789 52.253484 52 52 52 52 52 52 51.881373 51.673754 51.466136 51.258517 51.050898 52.646545 57.596197 61.649446 62.341663 63.033881 62.470777
52.83601 52.615615 52.395221 52.174827 52.215266 52.579126 52.942986 53.306846 53.670706 54.034566 52.966095 51.406237 50.799172 51.202056 51.604941 52.007825 51.931899 51.573271 51.258616 51.89311 52.527603 53.162097 53.337821 53.180673 53.023526 52.866379 52.591073 52.264004 52.207712 52.247162 52.286611 52.326061 52.454264 52.605988 52.757711 52.909434 53.061157 53.212881 53.364604 53.322008 52.320092 50.421654 50.91223 51.771631 52.563241 52.279937 52 52 52 52 52 52 52 51.892507 51.684889 51.47727 51.269651 52.771246 57.720898 60.045982 60.738199 61.430416 61.722023 60.944739
52.985725 52.765331 52.544937 52.324542 52.104148 51.883754 52.219749 52.583609 52.947469 53.311329 53.246177 51.686319 50.811911 51.214795 51.617679 51.906038 51.547409 51.18878 50.830151 51.425299 52.059793 52.694287 53.32878 53.421912 53.264765 53.107617 52.868379 52.541309 52.325244 52.364693 52.404143 52.443836 52.595559 52.747283 52.899006 53.050729 53.202453 53.354176 53.505899 53.564807 52.287791 50.330215 50.887011 51.985556 52.306389 52.023085 52 52 52 52 52 52 52 51.903641 51.696023 51.488404 52.895947 57.7503 58.442518 59.134735 59.826952 60.51917 60.195986 59.418702
53.135441 52.915047 52.694653 52.474258 52.253864 52.033469 51.813075 51.860373 52.224233 52.588093 52.951953 51.966401 50.82465 51.227534 51.630418 51.521547 51.162919 50.80429 50.445661 50.957489 51.591983 52.226476 52.86097 53.495464 53.506003 53.348856 53.145684 52.818615 52.491545 52.482225 52.521674 52.585131 52.736854 52.888578 53.040301 53.192024 53.343748 53.495471 53.647194 53.798917 52.25549 50.238776 51.100936 52.199481 52.049537 52 52 52 52 52 52 52 52 51.914775 51.707157 53.020648 56.146836 56.839054 57.531271 58.223488 58.915706 59.447233 58.669949 57.892665
53.285157 53.064763 52.844368 52.623974 52.40358 52.183185 51.962791 51.742396 51.522002 51.864856 52.228716 52.246483 50.837389 51.240273 51.495686 51.137057 50.778428 50.419799 50.06117 50.489679 51.124172 51.758666 52.39316 53.027653 53.662147 53.590094 53.42299 53.09592 52.768851 52.599756 52.639205 52.726426 52.878149 53.029873 53.181596 53.333319 53.485043 53.636766 53.788489 53.940213 52.223189 50.216317 51.314861 52.075989 52 52 52 52 52 52 52 52 52 51.925909 53.145349 54.543372 55.23559 55.927807 56.620024 57.312241 58.004459 57.921195 57.143912 56.366628
53.434873 53.214478 52.994084 52.77369 52.553295 52.332901 52.112507 51.892112 51.671718 51.451323 51.50548 51.86934 50.966706 51.253012 51.111195 50.752567 50.393938 50.09858 50.866638 51.661074 51.751636 51.581527 51.925349 52.559843 53.194337 53.82883 53.674185 53.373226 53.046156 52.719087 52.756737 52.867721 53.019444 53.171168 53.322891 53.474614 53.626338 53.585398 53.450254 53.31511 53.179966 50.769828 51.668685 52.060938 52.051539 52.042141 52.032742 52.023343 52.013945 52.004546 52 52 52 52.247691 52.939908 53.632125 54.324343 55.01656 55.708777 56.400995 57.093212 56.395158 55.617874 54.840591
53.584588 53.364194 53.1438 52.923405 52.703011 52.482617 52.262222 52.041828 51.821434 51.601039 51.380645 51.16025 51.246788 51.085334 50.726705 50.269372 50.322785 51.090843 51.8589 52.630302 53.461416 53.575016 53.404907 53.234797 53.064688 53.36102 53.915424 53.650531 53.323462 52.996392 52.874268 53.009016 53.160739 53.312463 53.25531 53.120166 52.985022 52.849878 52.714735 52.579591 52.444447 52.084374 52.240366 52.758343 52.750581 52.741182 52.731784 52.722385 52.712987 52.703588 52.736188 52.841311 52.946434 52.963546 52.863568 52.750561 53.413096 54.105313 54.797531 55.489748 55.646405 54.869121 54.091837 53.314553
53.734304 53.51391 53.293515 53.073121 52.852727 52.632332 52.411938 52.191544 51.971149 51.750755 51.530361 51.309966 51.089572 50.59838 50.133737 50.54699 51.315047 52.083105 52.851162 53.61922 54.430644 55.261759 55.398396 55.228287 55.058177 54.888068 54.5687 53.992704 53.635036 53.277368 52.998588 52.925222 52.807765 52.70464 52.601515 52.49839 52.395264 52.292139 52.189014 52.085889 51.982764 52.155573 52.672202 53.189633 53.449622 53.440224 53.430825 53.486827 53.59195 53.697073 53.802195 53.907318 54.012441 53.996122 53.915066 53.806804 53.693797 53.58079 53.886284 54.578501 54.120367 53.343084 52.5658 51.788516
53.88402 53.663625 53.443231 53.222837 53.002442 52.782048 52.561654 52.341259 52.120865 51.900471 51.680076 51.459682 51.064932 51.323613 50.764799 51.539252 52.30731 53.075367 53.843425 54.611482 55.399872 56.230987 57.062102 57.221776 56.710554 55.815522 54.92049 54.522201 54.164533 53.806865 53.332314 52.680191 52.577065 52.47394 52.370815 52.26769 52.164564 52.061439 51.958314 51.855189 52.072812 52.589441 53.106071 53.6227 53.950363 54.342589 54.447711 54.552834 54.657957 54.76308 54.868203 54.973326 55.078449 55.028698 54.947642 54.863047 54.75004 54.637032 54.524025 54.065051 53.268905 52.579473 51.890041 51.200609
54.033736 53.813341 53.592947 53.372552 53.152158 52.931764 52.711369 52.490975 52.270581 52.050186 51.829792 51.449302 50.997702 52.635041 51.689372 52.494927 53.299572 54.06763 54.835687 55.603744 56.371802 57.200215 58.03133 57.957376 57.062344 56.167312 55.409366 55.051698 54.69403 54.541665 53.954858 52.449491 52.346365 52.24324 52.140115 52.03699 51.933865 51.830739 51.727614 51.990051 52.50668 53.02331 53.621982 54.713684 53.754134 54.295801 55.293485 55.618842 55.723965 55.829088 55.934211 56.039333 56.142329 56.061274 55.980218 55.899162 55.806282 55.693275 55.273952 54.319738 53.365524 52.53792 51.848488 51.159056
54.183451 53.963057 53.742663 53.522268 53.301874 53.08148 52.861085 52.640691 52.420296 52.199902 51.833672 51.382072 50.930471 52.015143 52.613946 53.419501 54.225056 55.030611 55.827949 56.596007 57.364064 58.169443 58.900573 58.231213 57.414134 56.519102 55.938864 55.581195 55.416241 55.291557 54.577402 52.218791 52.115665 52.01254 51.909415 51.80629 51.703165 51.600039 51.90729 52.423919 52.940549 53.973691 55.130152 54.512639 53.575316 53.643555 54.641239 55.638923 56.636607 56.895095 57.000218 57.105341 57.174905 57.093849 57.012793 56.931738 56.850682 56.482852 55.528639 54.574425 53.620212 52.665998 51.806934 51.117502
54.333167 54.112773 53.892378 53.671984 53.45159 53.231195 53.010801 52.790407 52.570012 52.218042 51.766442 51.314841 50.863241 51.341448 53.557555 54.344074 55.149629 55.955184 56.760739 57.566294 58.356327 59.138671 59.163663 58.494304 57.765924 56.870892 56.468361 56.290816 56.166132 56.041448 55.199946 52.361355 51.884965 51.78184 51.678715 51.57559 51.472465 51.824529 52.341158 53.16894 54.325401 55.481861 55.364127 54.311593 53.396499 53.07672 53.988993 54.986677 55.984361 56.982045 57.97973 58.171348 58.207481 58.126425 57.783642 55.817268 56.420993 57.448388 56.337595 54.949783 53.874899 52.920685 51.966472 51.075949
54.666341 54.262488 54.042094 53.8217 53.601305 53.380911 53.160517 52.940122 52.602412 52.150812 51.699211 51.247611 50.79601 50.667754 54.868982 55.268647 56.074202 56.879757 57.685312 58.490867 59.296422 59.617665 59.426753 58.757394 58.088034 57.355526 57.165391 57.040707 56.916023 56.791339 55.82249 52.983899 51.654265 51.55114 51.448015 51.34489 51.741768 52.364189 53.52065 54.67711 55.833571 56.215615 55.163082 54.110548 53.217681 52.897902 53.336747 54.334431 55.332115 56.329799 57.327484 58.325168 56.632144 54.665771 54.295274 55.322669 56.350064 57.37746 58.0655 56.677688 55.289876 53.902064 52.514253 51.266946
55.225509 54.412204 54.19181 53.971415 53.751021 53.530627 53.310232 52.986782 52.535182 52.083581 51.631981 51.18038 50.72878 50.27718 54.548991 56.193221 56.913523 57.029706 57.145888 57.26207 57.378252 57.465488 57.531723 57.597959 57.664194 58.039966 57.915282 57.790598 57.665914 57.54123 56.445034 53.606443 51.423565 51.32044 51.217315 51.659007 52.715899 53.872359 55.02882 56.185281 57.067104 56.01457 54.962036 53.909503 53.038864 52.719085 52.684501 53.682185 54.679869 55.677553 56.675238 57.525434 55.27032 53.29867 54.233095 55.251741 56.279136 57.306531 58.333926 58.405593 57.017781 55.629969 54.242158 52.854346
55.784677 54.56192 54.341525 54.121131 53.900737 53.680342 53.371152 52.919552 52.467951 52.016351 51.56475 51.11315 50.66155 50.209949 53.743686 54.790207 54.995766 54.905329 55.021512 55.137694 55.247075 55.31331 55.597697 56.500778 57.190379 57.61644 58.042501 58.468562 58.415805 58.291121 57.067578 54.228987 51.390396 51.08974 51.911148 53.067609 54.224069 55.38053 56.53699 57.693451 56.866059 55.813525 54.760991 53.708458 52.860047 52.540268 52.220489 53.029939 54.027623 55.025307 56.022992 56.255955 52.504898 53.439323 54.373748 55.308173 56.242599 57.235602 58.262997 59.290392 58.745686 57.357874 55.970063 53.983073
56.343845 54.711636 54.491241 54.270847 54.050452 53.755522 53.303922 52.852321 52.400721 51.94912 51.49752 51.04592 50.594319 50.142719 50.906557 51.953079 52.9996 54.046121 53.744003 53.171213 53.640276 54.543358 55.44644 56.230124 56.656185 57.082246 57.508307 57.934368 58.360429 58.78649 57.745279 55.266539 52.787798 52.262858 53.419318 54.575779 55.732239 56.8887 58.04516 57.717547 56.665013 55.61248 54.559946 53.507412 52.681229 52.36145 52.041671 52.377693 53.375377 54.373061 55.038791 53.218405 52.645551 53.579976 54.514401 55.448826 56.383252 57.317677 58.252102 59.219464 60.246859 59.085779 56.705765 50.983178
55.882288 55.185012 54.640957 54.420563 54.139892 53.688292 53.236691 52.785091 52.33349 51.88189 51.483419 51.230849 50.978278 50.577272 50.500984 50.783465 51.318285 51.871119 52.423953 53.06503 53.48902 54.392101 55.26987 55.69593 56.121991 56.548052 56.974113 57.407474 57.913118 58.418762 58.986604 58.875956 56.397216 54.034613 54.927488 56.083949 57.240409 58.39687 58.569036 57.516502 56.463968 55.411434 54.358901 53.306367 52.502412 52.182633 51.862854 51.725447 52.723131 53.635872 53.152708 51.851779 52.786204 53.720629 54.655054 55.589479 56.523905 57.45833 58.392755 59.32718 60.261605 59.930857 53.680379 51.907493
55.826536 55.416916 54.790673 54.524262 54.072662 53.621061 53.18612 52.93355 52.680979 52.428409 52.175838 51.923267 51.571338 51.010083 50.82685 51.109331 51.391811 51.688745 52.241579 52.794412 53.337763 54.240844 54.735676 55.161736 55.587797 56.079829 56.585473 57.091117 57.596761 58.102405 58.62723 59.361439 60.006633 57.527893 56.435658 57.592119 58.748579 59.420524 58.36799 57.315457 56.262923 55.210389 54.157856 53.105322 52.323594 52.003815 51.684036 51.364257 52.070885 51.935543 51.166491 51.992432 52.902728 53.793785 54.684843 55.5759 56.466957 57.358015 58.249072 59.140129 60.031187 59.602766 57.213037 51.009517
55.770783 55.341645 54.908632 54.636251 54.38368 54.13111 53.878539 53.625968 53.373398 53.120827 52.868257 52.565404 52.004149 51.442894 51.152716 51.435197 51.717677 52.000158 52.282638 52.612039 53.186506 53.775421 54.24654 54.752184 55.257828 55.763472 56.269116 56.77476 57.280404 57.786048 58.291692 59.002065 59.736273 60.470482 58.873039 59.100289 60.256749 59.219479 58.166945 57.114411 56.061878 55.009344 53.95681 52.904277 52.144777 51.824998 51.505219 51.18544 51.081263 51.274283 51.541597 51.886445 52.658517 53.549574 54.440632 55.331689 56.222746 57.113804 58.004861 58.895918 59.786976 58.73429 56.345129 53.955969
54.390651 55.583971 55.58124 55.328669 55.076099 54.823528 54.570958 54.318387 54.065817 53.813246 53.559471 52.998216 52.436961 51.875705 51.478582 51.761063 52.043543 52.326024 52.608504 52.890984 53.084058 53.424539 53.930183 54.435827 54.941471 55.447115 55.952759 56.458403 56.964047 57.469691 57.975335 58.642691 59.3769 60.111108 60.832066 60.608459 60.070967 59.018433 57.9659 56.913366 55.860832 54.808299 53.755765 52.703231 51.96596 51.646181 51.646902 51.675791 51.704681 51.818522 52.159469 52.504317 52.849166 53.305363 54.196421 55.087478 55.978535 56.869593 57.76065 58.651707 59.542765 57.865813 55.476653 53.087493
56.04831 56.583148 56.276759 56.021088 55.768518 55.515947 55.263376 55.010806 54.758235 54.505665 53.992282 53.431027 52.869772 52.308517 51.804448 52.086929 52.369409 52.65189 52.93437 53.21685 53.262754 53.359105 53.613826 54.11947 54.625114 55.130758 55.636402 56.142046 56.64769 57.153334 57.658978 58.283317 59.017526 59.751734 59.651807 58.129037 59.096318 58.093709 57.0911 56.088491 55.085882 54.083273 53.080664 52.141081 52.143504 52.158237 52.17297 52.187703 52.202436 51.986063 52.630124 53.12219 53.467038 53.811886 54.156735 54.843267 55.734324 56.625382 57.516439 58.407496 59.298554 56.997336 54.608176 53.306046
57.589593 57.283205 56.976816 56.713507 56.460936 56.208366 55.955795 55.703225 55.450654 54.986349 54.425093 53.863838 53.302583 52.741328 52.180073 52.412795 52.695275 52.977756 53.260236 53.466878 53.447345 53.523851 53.634153 53.803113 54.308757 54.814401 55.320045 55.825689 56.331333 56.836977 57.342621 57.923944 58.658152 59.39236 58.471548 55.053632 56.121271 56.869804 55.867195 54.864586 53.861977 52.896261 52.219797 52.232658 52.496546 52.511279 52.526012 52.540745 52.555478 52.134235 52.210082 53.095917 53.719643 54.34337 54.774607 55.119455 55.490113 56.381171 57.272228 58.163285 58.51802 56.12886 54.892644 55.869844
58.28965 57.983262 57.676873 57.405926 57.153355 56.900784 56.648214 56.395643 55.980415 55.41916 54.857905 54.29665 53.735395 53.174139 52.612884 52.738661 53.021141 53.303622 53.586102 53.651469 53.631935 53.688596 53.798898 53.9092 54.019502 54.498044 55.003688 55.509332 56.014976 56.52062 57.026264 57.56457 58.298778 59.032987 57.291289 54.644954 54.202162 54.290882 54.64329 53.651441 52.974977 52.298513 52.192555 52.537193 52.849587 52.86432 52.879053 52.893787 52.90852 52.282406 51.648931 52.709423 53.56171 54.185437 54.809163 55.432889 56.056615 56.427025 57.028017 57.919075 57.649543 56.479242 57.456443 58.433643
