ProjetSIG/InterpolationIDW.tif
NCOLS 301
NROWS 200
XLLCORNER 3.7807092
YLLCORNER 43.546344
DX 0.0007247564
DY 0.00072551204
NODATA_VALUE -9999
[rows 0 to 25 of 200, columns 0 to 59 of 301]
55.276241 55.271312 55.266484 55.261764 55.257157 55.25267 55.248308 55.244077 55.239982 55.236028 55.232221 55.228563 55.22506 55.221715 55.218531 55.215512 55.212659 55.209976 55.207464 55.205124 55.202958 55.200967 55.199149 55.197505 55.196034 55.194734 55.193602 55.192636 55.191831 55.191182 55.190683 55.190328 55.190108 55.190014 55.190037 55.190164 55.190383 55.19068 55.191042 55.191452 55.191893 55.192349 55.192802 55.193233 55.193623 55.193952 55.1942 55.194349 55.194378 55.194267 55.193997 55.193548 55.192902 55.19204 55.190945 55.1896 55.187988 55.186094 55.183903 55.181403
55.268256 55.263151 55.258151 55.253262 55.248492 55.243846 55.239332 55.234956 55.230722 55.226636 55.222704 55.218931 55.21532 55.211875 55.208602 55.205502 55.202578 55.199835 55.197273 55.194894 55.1927 55.190692 55.18887 55.187235 55.185785 55.184518 55.183434 55.182529 55.181799 55.181239 55.180844 55.180607 55.180518 55.18057 55.18075 55.181048 55.18145 55.181941 55.182507 55.183129 55.18379 55.184473 55.185156 55.18582 55.186444 55.187007 55.187488 55.187864 55.188115 55.188218 55.188153 55.187898 55.187433 55.186738 55.185793 55.18458 55.18308 55.181278 55.179156 55.176699
55.260008 55.254714 55.249529 55.244461 55.239515 55.234701 55.230023 55.22549 55.221106 55.216879 55.212813 55.208913 55.205185 55.201633 55.198261 55.195073 55.192072 55.189261 55.186643 55.18422 55.181993 55.179965 55.178136 55.176506 55.175075 55.173842 55.172806 55.171963 55.171311 55.170845 55.17056 55.170447 55.170499 55.170706 55.171057 55.17154 55.17214 55.172842 55.17363 55.174484 55.175387 55.176317 55.177254 55.178175 55.179058 55.17988 55.180617 55.181247 55.181745 55.182087 55.182252 55.182214 55.181954 55.181447 55.180674 55.179613 55.178244 55.17655 55.174513 55.172115
55.251482 55.245987 55.240605 55.235343 55.23021 55.225214 55.220361 55.215658 55.211114 55.206733 55.202522 55.198487 55.194632 55.190963 55.187484 55.184199 55.181112 55.178227 55.175546 55.173071 55.170806 55.168752 55.166911 55.165283 55.163869 55.162668 55.161679 55.160901 55.16033 55.159961 55.15979 55.15981 55.160011 55.160385 55.16092 55.161602 55.162417 55.163349 55.164378 55.165487 55.166654 55.167856 55.169072 55.170277 55.171446 55.172554 55.173577 55.174487 55.17526 55.175869 55.17629 55.176497 55.176466 55.176173 55.175594 55.174708 55.173492 55.171926 55.16999 55.167666
55.242666 55.236955 55.23136 55.225892 55.220557 55.215365 55.210323 55.205439 55.200721 55.196174 55.191807 55.187624 55.183632 55.179835 55.17624 55.172849 55.169667 55.166699 55.163947 55.161414 55.159104 55.157018 55.15516 55.15353 55.152129 55.150957 55.150015 55.149301 55.148812 55.148544 55.148493 55.148652 55.149013 55.149565 55.150297 55.151195 55.152243 55.153423 55.154717 55.156103 55.15756 55.159062 55.160584 55.162102 55.163587 55.165012 55.16635 55.167572 55.168651 55.169557 55.170264 55.170745 55.170972 55.170919 55.170562 55.169875 55.168835 55.167419 55.165605 55.163374
55.233542 55.227599 55.221778 55.216087 55.210536 55.205133 55.199888 55.194808 55.189902 55.185177 55.18064 55.176298 55.172156 55.168221 55.164497 55.16099 55.157704 55.154643 55.151811 55.149211 55.146848 55.144724 55.142842 55.141203 55.139811 55.138666 55.137768 55.137117 55.136711 55.136547 55.136622 55.136927 55.137456 55.138198 55.139141 55.140271 55.141571 55.143023 55.144605 55.146295 55.148069 55.1499 55.151761 55.153623 55.155457 55.157233 55.15892 55.160488 55.161906 55.163144 55.164171 55.164957 55.165474 55.165692 55.165585 55.165125 55.164287 55.163045 55.161376 55.159257
55.224095 55.217904 55.211838 55.205908 55.200123 55.194494 55.18903 55.183739 55.17863 55.173712 55.168992 55.164476 55.160172 55.156086 55.152222 55.148587 55.145186 55.142021 55.1391 55.136424 55.133999 55.131827 55.129913 55.12826 55.12687 55.125746 55.124888 55.124299 55.123976 55.123918 55.124121 55.12458 55.125287 55.126231 55.1274 55.12878 55.130353 55.132099 55.133996 55.136019 55.13814 55.140333 55.142566 55.144809 55.147029 55.149193 55.151268 55.15322 55.155015 55.156621 55.158004 55.159132 55.159973 55.160497 55.160672 55.16047 55.159863 55.158823 55.157324 55.15534
55.214307 55.207849 55.201521 55.195333 55.189297 55.183424 55.177722 55.172204 55.166876 55.161749 55.15683 55.152127 55.147647 55.143395 55.139379 55.135604 55.132074 55.128795 55.125772 55.123009 55.120511 55.118282 55.116327 55.11465 55.113254 55.112144 55.111323 55.110791 55.110549 55.110598 55.110933 55.111551 55.112444 55.113603 55.115015 55.116664 55.118532 55.120598 55.122838 55.125224 55.127729 55.130319 55.132963 55.135626 55.138273 55.140866 55.143371 55.145748 55.147963 55.149979 55.151759 55.153268 55.154473 55.155338 55.155832 55.155923 55.155579 55.154771 55.15347 55.151649
55.20416 55.197415 55.190804 55.184338 55.178031 55.171894 55.165937 55.160172 55.154608 55.149254 55.14412 55.139213 55.134541 55.13011 55.125927 55.121997 55.118326 55.11492 55.111782 55.10892 55.106336 55.104038 55.102031 55.100319 55.098909 55.097804 55.09701 55.09653 55.096367 55.09652 55.09699 55.097772 55.098861 55.100246 55.101916 55.103855 55.106042 55.108457 55.111071 55.113856 55.116781 55.11981 55.122907 55.126035 55.129153 55.132223 55.135203 55.138054 55.140735 55.143206 55.145428 55.147363 55.148974 55.150223 55.151076 55.151497 55.151453 55.150912 55.149841 55.148211
55.193633 55.186579 55.179662 55.172898 55.166298 55.159875 55.153642 55.14761 55.14179 55.136192 55.130824 55.125697 55.120816 55.11619 55.111824 55.107725 55.103898 55.100349 55.097083 55.094106 55.091424 55.089043 55.086969 55.08521 55.083771 55.082661 55.081885 55.081448 55.081357 55.081613 55.082217 55.083167 55.084458 55.086083 55.088028 55.090277 55.092811 55.095603 55.098627 55.10185 55.105237 55.10875 55.112348 55.11599 55.119632 55.123229 55.126738 55.130114 55.133312 55.13629 55.139005 55.141415 55.143479 55.145158 55.146414 55.147208 55.147504 55.147267 55.146462 55.145056
55.182705 55.175317 55.168071 55.160983 55.154067 55.147336 55.140804 55.134483 55.128385 55.122522 55.116902 55.111534 55.106427 55.101587 55.097022 55.092737 55.088738 55.085031 55.081621 55.078514 55.075717 55.073236 55.07108 55.069257 55.067776 55.066644 55.065873 55.065469 55.06544 55.065792 55.066528 55.067648 55.06915 55.071025 55.073262 55.075845 55.078752 55.081957 55.085429 55.089133 55.09303 55.097077 55.10123 55.105441 55.109663 55.113847 55.117943 55.121902 55.125676 55.129218 55.132481 55.13542 55.13799 55.14015 55.141857 55.143071 55.143752 55.143862 55.143363 55.14222
55.171354 55.163605 55.156003 55.148564 55.141305 55.13424 55.127384 55.12075 55.114352 55.108201 55.102306 55.096678 55.091325 55.086254 55.081472 55.076983 55.072795 55.068912 55.06534 55.062085 55.059154 55.056555 55.054298 55.052392 55.050848 55.049678 55.048893 55.048506 55.048527 55.048966 55.049828 55.051117 55.052833 55.05497 55.057517 55.060457 55.063769 55.067423 55.071386 55.075619 55.080079 55.084718 55.089486 55.09433 55.099197 55.104032 55.108781 55.113389 55.117803 55.121972 55.125845 55.129374 55.132509 55.135206 55.137419 55.139105 55.140221 55.140726 55.140578 55.139738
55.159553 55.151414 55.143426 55.135608 55.127977 55.12055 55.113342 55.106369 55.099644 55.093181 55.086989 55.081079 55.075459 55.070136 55.065117 55.060406 55.056009 55.051931 55.048178 55.044755 55.04167 55.038931 55.03655 55.034537 55.032907 55.031675 55.030855 55.030464 55.030517 55.031028 55.032007 55.033461 55.035394 55.037802 55.040675 55.043998 55.047747 55.051892 55.056395 55.061212 55.066295 55.071591 55.077043 55.082592 55.088177 55.093737 55.099212 55.104542 55.109669 55.114536 55.119088 55.123273 55.127038 55.130335 55.133114 55.13533 55.136936 55.137888 55.138141 55.137653
55.147277 55.138715 55.130309 55.122079 55.114043 55.106222 55.098632 55.091291 55.084212 55.07741 55.070895 55.064679 55.05877 55.053174 55.047897 55.042944 55.038319 55.034026 55.03007 55.026456 55.023193 55.02029 55.017758 55.015611 55.013866 55.012542 55.011658 55.011236 55.011297 55.011859 55.012939 55.01455 55.016698 55.019385 55.022602 55.026334 55.030557 55.035237 55.040334 55.045797 55.051573 55.0576 55.063815 55.070149 55.076535 55.082905 55.089191 55.095326 55.101246 55.10689 55.112198 55.117113 55.121579 55.125545 55.128957 55.131767 55.133925 55.135383 55.136093 55.136009
55.134498 55.125476 55.116615 55.107936 55.099461 55.091211 55.083206 55.075463 55.067999 55.060829 55.053965 55.047417 55.041194 55.035302 55.029746 55.024529 55.019654 55.015124 55.010943 55.007115 55.003648 55.000551 54.997837 54.995522 54.993628 54.992175 54.991191 54.990703 54.990737 54.991322 54.992481 54.994233 54.996592 54.999562 55.003138 55.007308 55.012044 55.017311 55.023063 55.029244 55.035791 55.042635 55.049703 55.056916 55.064199 55.071474 55.078664 55.085697 55.092502 55.099011 55.10516 55.110888 55.116135 55.120846 55.124965 55.12844 55.131218 55.133248 55.134478 55.134857
55.121184 55.111662 55.102305 55.093137 55.084183 55.075465 55.067006 55.058826 55.050943 55.043373 55.03613 55.029223 55.022661 55.016449 55.010591 55.005089 54.999942 54.995153 54.990721 54.986652 54.982951 54.979627 54.976695 54.974174 54.972086 54.97046 54.969329 54.968728 54.968694 54.969263 54.970468 54.972338 54.974894 54.978148 54.982098 54.986733 54.992026 54.997938 55.004416 55.011397 55.018807 55.026568 55.034593 55.042794 55.051083 55.059372 55.067576 55.075612 55.083404 55.090877 55.097962 55.104594 55.11071 55.11625 55.121158 55.125376 55.128849 55.131523 55.133343 55.134253
55.107303 55.097236 55.087337 55.077635 55.068156 55.058927 55.049972 55.041315 55.032975 55.02497 55.017315 55.010019 55.003091 54.996535 54.990352 54.984541 54.9791 54.974027 54.969321 54.964982 54.961015 54.957428 54.954236 54.951459 54.949126 54.947271 54.945935 54.945163 54.945002 54.945502 54.946708 54.948662 54.951394 54.954925 54.959261 54.964391 54.970289 54.976911 54.984197 54.992074 55.000456 55.009249 55.018354 55.027669 55.037091 55.04652 55.055859 55.065019 55.073912 55.08246 55.090587 55.098224 55.105306 55.111769 55.117554 55.122603 55.126855 55.130255 55.132742 55.134258
55.092818 55.082156 55.071665 55.061377 55.051323 55.041532 55.032035 55.022855 55.014016 55.005537 54.997435 54.989718 54.982396 54.975469 54.968937 54.962796 54.957039 54.95166 54.946653 54.942014 54.937746 54.933853 54.930352 54.927264 54.924623 54.92247 54.920854 54.919835 54.919473 54.919834 54.92098 54.922967 54.925841 54.929636 54.934364 54.94002 54.946576 54.953984 54.962174 54.97106 54.980541 54.990505 55.000834 55.01141 55.022112 55.032826 55.043443 55.053862 55.063987 55.073733 55.08302 55.091774 55.099929 55.107418 55.114179 55.120153 55.125278 55.129493 55.132735 55.134941
55.077693 55.066377 55.055236 55.044304 55.033618 55.023211 55.013116 55.003363 54.993978 54.984982 54.976393 54.968222 54.960475 54.953151 54.946248 54.939754 54.93366 54.927953 54.922619 54.91765 54.913042 54.908799 54.904933 54.901468 54.898442 54.895905 54.893917 54.892553 54.891892 54.89202 54.893021 54.894972 54.897939 54.90197 54.907092 54.913304 54.920579 54.928861 54.93807 54.9481 54.958832 54.97013 54.981856 54.993866 55.006022 55.018191 55.030248 55.04208 55.053584 55.064667 55.075244 55.08524 55.094584 55.103212 55.111058 55.118063 55.124162 55.129292 55.133387 55.136379
55.061886 55.049853 55.037995 55.026354 55.01497 55.003883 54.99313 54.982745 54.97276 54.963199 54.954081 54.945417 54.937214 54.929468 54.92217 54.915305 54.908855 54.902799 54.897115 54.891786 54.8868 54.882155 54.87786 54.873941 54.870439 54.867411 54.864935 54.863101 54.862014 54.861784 54.862525 54.864343 54.867329 54.871556 54.877064 54.883862 54.891924 54.901185 54.911548 54.922887 54.935054 54.947886 54.961213 54.974866 54.988679 55.0025 55.016185 55.029608 55.042656 55.055231 55.067244 55.078617 55.089281 55.09917 55.10822 55.116371 55.123557 55.129714 55.134772 55.138657
55.045353 55.032529 55.019881 55.007455 54.995299 54.983457 54.971975 54.960893 54.950247 54.940065 54.93037 54.921174 54.912482 54.904287 54.896574 54.889323 54.882502 54.876081 54.870027 54.86431 54.858907 54.853806 54.849012 54.844548 54.840458 54.836811 54.833699 54.831236 54.829556 54.828804 54.829131 54.83068 54.833582 54.837938 54.843811 54.851225 54.860151 54.870516 54.882201 54.89505 54.908879 54.923488 54.938667 54.954211 54.969925 54.985628 55.001159 55.016376 55.031156 55.045395 55.059004 55.071905 55.084029 55.095313 55.105698 55.115121 55.12352 55.130827 55.13697 55.141871
55.028049 55.014352 55.000828 54.98753 54.974514 54.961834 54.949541 54.937684 54.926306 54.915441 54.905115 54.895342 54.886126 54.877457 54.869314 54.861663 54.854465 54.847671 54.841232 54.835104 54.829246 54.823635 54.818263 54.81315 54.808341 54.803914 54.799981 54.796685 54.794195 54.792701 54.792405 54.793502 54.796171 54.800558 54.806759 54.814813 54.824696 54.836319 54.849533 54.864143 54.879917 54.896601 54.913937 54.931675 54.94958 54.967439 54.985068 55.00231 55.019034 55.03513 55.050512 55.065103 55.078841 55.091667 55.103526 55.114361 55.12411 55.132705 55.140072 55.146127
55.009924 54.995259 54.980761 54.966492 54.952516 54.938897 54.925698 54.912976 54.900783 54.889162 54.878144 54.867745 54.85797 54.848803 54.840216 54.832163 54.824587 54.817421 54.810596 54.804042 54.797699 54.791521 54.785487 54.779605 54.773919 54.768519 54.763534 54.759142 54.755558 54.753032 54.75183 54.75222 54.754449 54.758723 54.765185 54.773902 54.78485 54.797923 54.81293 54.829619 54.847692 54.866827 54.8867 54.907001 54.927445 54.947784 54.967806 54.987339 55.006243 55.024411 55.041758 55.058217 55.073734 55.088259 55.101745 55.114142 55.125392 55.13543 55.144177 55.151545
54.990929 54.975188 54.959603 54.944246 54.929193 54.914519 54.9003 54.886606 54.873501 54.861038 54.849255 54.838176 54.827802 54.818116 54.809079 54.800629 54.79269 54.78517 54.77797 54.770991 54.764141 54.757346 54.750561 54.743776 54.73703 54.730417 54.724091 54.718267 54.71322 54.709274 54.706784 54.706115 54.70761 54.711563 54.718183 54.727575 54.739722 54.754488 54.771626 54.790805 54.811633 54.833696 54.856579 54.879896 54.903303 54.926505 54.949263 54.97139 54.992743 55.013217 55.03274 55.051257 55.068728 55.08512 55.100397 55.11452 55.127439 55.13909 55.149394 55.158256
54.97101 54.954069 54.937266 54.920687 54.904418 54.888552 54.873178 54.858384 54.84425 54.830842 54.81821 54.806386 54.795372 54.785148 54.775662 54.766836 54.758566 54.75073 54.743191 54.735807 54.728447 54.720996 54.713371 54.705536 54.697515 54.689403 54.681374 54.673689 54.666694 54.66081 54.656512 54.654296 54.654644 54.657974 54.664592 54.67466 54.688172 54.70495 54.724665 54.746871 54.771047 54.796647 54.823139 54.850036 54.876918 54.903441 54.929335 54.954401 54.978499 55.001538 55.023461 55.044238 55.06385 55.082286 55.099529 55.115555 55.130324 55.14378 55.155842 55.16641
54.950116 54.931833 54.913662 54.8957 54.878053 54.860829 54.84414 54.828092 54.812785 54.798308 54.784725 54.772078 54.760378 54.749598 54.739676 54.730511 54.721968 54.713883 54.706071 54.698337 54.690491 54.682363 54.673818 54.664778 54.655237 54.645279 54.635099 54.625005 54.615429 54.606915 54.600096 54.595656 54.59427 54.596537 54.602909 54.613637 54.628727 54.647943 54.670833 54.696784 54.725089 54.75502 54.785882 54.817062 54.848047 54.878434 54.907927 54.936322 54.963494 54.989374 55.013936 55.037184 55.059131 55.079795 55.099188 55.117307 55.134127 55.149601 55.16365 55.176168
